0 0.48115079365079366 0.3253968253968254 0.4930555555555556 0.328042328042328 0.5168650793650794 0.3492063492063492 0.5317460317460317 0.3492063492063492 0.5376984126984127 0.36507936507936506 0.5386904761904762 0.39285714285714285 0.5267857142857143 0.43783068783068785 0.5168650793650794 0.45105820105820105 0.4990079365079365 0.46296296296296297 0.4781746031746032 0.46164021164021163 0.4662698412698413 0.4470899470899471 0.4632936507936508 0.4365079365079365 0.46130952380952384 0.3888888888888889
0 0.18551587301587302 0.05423280423280423 0.2222222222222222 0.05555555555555555 0.23214285714285715 0.06084656084656084 0.24305555555555555 0.07671957671957672 0.25 0.10449735449735449 0.2509920634920635 0.12962962962962962 0.23313492063492064 0.16666666666666666 0.21825396825396826 0.17328042328042328 0.20238095238095238 0.17063492063492064 0.15873015873015872 0.1349206349206349 0.1378968253968254 0.10582010582010581 0.1349206349206349 0.08862433862433862 0.14285714285714285 0.07142857142857142 0.15873015873015872 0.06084656084656084
0 0.3353174603174603 0 0.34325396825396826 0.010582010582010581 0.3521825396825397 0.037037037037037035 0.3630952380952381 0.042328042328042326 0.39384920634920634 0.03835978835978836 0.40575396825396826 0.026455026455026454 0.4087301587301587 0.01455026455026455 0.4037698412698413 0
0 0.1736111111111111 0 0.18154761904761904 0.017195767195767195 0.21428571428571427 0.04497354497354497 0.23412698412698413 0.047619047619047616 0.24305555555555555 0.03968253968253968 0.24404761904761904 0
1 0.2847222222222222 0.1164021164021164 0.3125 0.11904761904761904 0.32341269841269843 0.14153439153439154 0.3263888888888889 0.17857142857142858 0.3134920634920635 0.19973544973544974 0.30158730158730157 0.20238095238095238 0.28174603174603174 0.19576719576719576 0.2648809523809524 0.164021164021164 0.2619047619047619 0.15476190476190477 0.2648809523809524 0.13756613756613756 0.27380952380952384 0.12169312169312169
1 0.5793650793650794 0.42592592592592593 0.5982142857142857 0.4298941798941799 0.6111111111111112 0.44312169312169314 0.5972222222222222 0.5119047619047619 0.5942460317460317 0.5198412698412699 0.5843253968253969 0.5264550264550265 0.5684523809523809 0.5158730158730159 0.5426587301587301 0.4656084656084656 0.5466269841269841 0.45105820105820105 0.558531746031746 0.4444444444444444 0.5684523809523809 0.4298941798941799
1 0.7579365079365079 0.3002645502645503 0.7718253968253969 0.30158730158730157 0.7837301587301587 0.30952380952380953 0.7996031746031746 0.33994708994708994 0.7767857142857143 0.40343915343915343 0.7609126984126984 0.42328042328042326 0.7490079365079365 0.4126984126984127 0.7380952380952381 0.37433862433862436 0.7361111111111112 0.35185185185185186 0.7390873015873016 0.3187830687830688 0.7450396825396826 0.3082010582010582
1 0.8988095238095238 0.43253968253968256 0.9226190476190477 0.44047619047619047 0.9305555555555556 0.4537037037037037 0.9226190476190477 0.4947089947089947 0.9136904761904762 0.5066137566137566 0.9047619047619048 0.5026455026455027 0.8898809523809523 0.47619047619047616 0.8898809523809523 0.4444444444444444
1 0.683531746031746 0.11243386243386243 0.7113095238095238 0.14153439153439154 0.691468253968254 0.17195767195767195 0.6795634920634921 0.17724867724867724 0.6686507936507936 0.17063492063492064 0.6646825396825397 0.14947089947089948
2 0.8333333333333334 0.3783068783068783 0.8521825396825397 0.3941798941798942 0.8650793650793651 0.44841269841269843 0.8601190476190477 0.503968253968254 0.8521825396825397 0.5224867724867724 0.8353174603174603 0.541005291005291 0.810515873015873 0.5264550264550265 0.7876984126984127 0.4933862433862434 0.7916666666666666 0.46825396825396826 0.7906746031746031 0.41798941798941797 0.814484126984127 0.4087301587301587 0.8224206349206349 0.39021164021164023
2 0.7331349206349206 0.39021164021164023 0.7450396825396826 0.3915343915343915 0.7569444444444444 0.42063492063492064 0.7619047619047619 0.42063492063492064 0.7738095238095238 0.40343915343915343 0.7817460317460317 0.3994708994708995 0.7906746031746031 0.4074074074074074 0.7886904761904762 0.46296296296296297 0.7797619047619048 0.5198412698412699 0.7708333333333334 0.5436507936507936 0.7599206349206349 0.5529100529100529 0.7430555555555556 0.5529100529100529 0.7172619047619048 0.5317460317460317 0.7053571428571429 0.5052910052910053 0.689484126984127 0.4470899470899471 0.6964285714285714 0.40476190476190477 0.7192460317460317 0.4007936507936508
2 0.6418650793650794 0.3478835978835979 0.6785714285714286 0.3531746031746032 0.6825396825396826 0.3716931216931217 0.6954365079365079 0.3915343915343915 0.685515873015873 0.45105820105820105 0.6666666666666666 0.4775132275132275 0.6507936507936508 0.48677248677248675 0.6349206349206349 0.48544973544973546 0.6240079365079365 0.47354497354497355 0.6170634920634921 0.458994708994709 0.6130952380952381 0.43386243386243384 0.6160714285714286 0.3835978835978836 0.6259920634920635 0.35978835978835977