1 0.6071428571428571 0.28174603174603174 0.6388888888888888 0.2857142857142857 0.6636904761904762 0.3002645502645503 0.6716269841269841 0.31216931216931215 0.6736111111111112 0.3333333333333333 0.6666666666666666 0.35978835978835977 0.6507936507936508 0.3783068783068783 0.6180555555555556 0.39814814814814814 0.5972222222222222 0.4007936507936508 0.5793650793650794 0.3941798941798942 0.5654761904761905 0.38095238095238093 0.5625 0.3373015873015873 0.5803571428571429 0.294973544973545
1 0.6438492063492064 0.38756613756613756 0.6557539682539683 0.39285714285714285 0.6656746031746031 0.4166666666666667 0.6686507936507936 0.43783068783068785 0.6666666666666666 0.48412698412698413 0.6626984126984127 0.4973544973544973 0.6537698412698413 0.5066137566137566 0.621031746031746 0.5092592592592593 0.6051587301587301 0.4973544973544973 0.5982142857142857 0.48544973544973546 0.5932539682539683 0.4722222222222222 0.5942460317460317 0.4523809523809524 0.6071428571428571 0.4021164021164021
1 0.6954365079365079 0.4497354497354497 0.7271825396825397 0.4603174603174603 0.7311507936507936 0.4669312169312169 0.7232142857142857 0.5066137566137566 0.7152777777777778 0.5198412698412699 0.7063492063492064 0.5251322751322751 0.683531746031746 0.5224867724867724 0.6755952380952381 0.5132275132275133 0.6785714285714286 0.4695767195767196
1 0.6934523809523809 0.28835978835978837 0.7152777777777778 0.29894179894179895 0.7301587301587301 0.31613756613756616 0.7331349206349206 0.32671957671957674 0.7291666666666666 0.3558201058201058 0.7083333333333334 0.3716931216931217 0.691468253968254 0.3716931216931217 0.6785714285714286 0.36243386243386244 0.6746031746031746 0.3531746031746032 0.6736111111111112 0.30423280423280424
1 0.6815476190476191 0.5529100529100529 0.7132936507936508 0.5608465608465608 0.7222222222222222 0.5793650793650794 0.7232142857142857 0.6018518518518519 0.7152777777777778 0.6362433862433863 0.7083333333333334 0.6468253968253969 0.6974206349206349 0.6521164021164021 0.6765873015873016 0.6455026455026455 0.6617063492063492 0.6216931216931217 0.6626984126984127 0.5701058201058201 0.6686507936507936 0.5595238095238095
1 0.2896825396825397 0.3306878306878307 0.30456349206349204 0.3492063492063492 0.3194444444444444 0.39021164021164023 0.3125 0.4246031746031746 0.2916666666666667 0.44841269841269843 0.28869047619047616 0.4417989417989418 0.26884920634920634 0.42857142857142855 0.26091269841269843 0.4021164021164021 0.2648809523809524 0.3716931216931217 0.2777777777777778 0.3544973544973545 0.2787698412698413 0.3412698412698413
1 0.2509920634920635 0.43253968253968256 0.2906746031746032 0.43386243386243384 0.2876984126984127 0.4642857142857143 0.2906746031746032 0.4708994708994709 0.30456349206349204 0.46825396825396826 0.30654761904761907 0.47883597883597884 0.29365079365079366 0.49603174603174605 0.2698412698412698 0.5132275132275133 0.2400793650793651 0.5224867724867724 0.23214285714285715 0.5105820105820106 0.22817460317460317 0.47883597883597884 0.2371031746031746 0.44841269841269843
1 0.12202380952380952 0.40476190476190477 0.13095238095238096 0.41005291005291006 0.1349206349206349 0.44312169312169314 0.1488095238095238 0.4537037037037037 0.14583333333333334 0.4642857142857143 0.14781746031746032 0.5568783068783069 0.13988095238095238 0.5634920634920635 0.125 0.5582010582010583 0.0763888888888889 0.578042328042328 0.06448412698412699 0.5753968253968254 0.060515873015873016 0.5701058201058201 0.05952380952380952 0.5555555555555556 0.07936507936507936 0.5079365079365079 0.0873015873015873 0.4775132275132275 0.09623015873015874 0.4669312169312169 0.09623015873015874 0.4603174603174603 0.0873015873015873 0.4576719576719577 0.08531746031746032 0.4523809523809524 0.08531746031746032 0.4351851851851852 0.08928571428571429 0.42857142857142855 0.10416666666666667 0.42592592592592593
1 0.0744047619047619 0.25793650793650796 0.11408730158730158 0.2605820105820106 0.13392857142857142 0.2698412698412698 0.14583333333333334 0.28174603174603174 0.15476190476190477 0.3002645502645503 0.15376984126984128 0.3201058201058201 0.14682539682539683 0.3412698412698413 0.13194444444444445 0.3558201058201058 0.1111111111111111 0.3584656084656085 0.0882936507936508 0.3478835978835979 0.05654761904761905 0.32275132275132273 0.041666666666666664 0.2976190476190476 0.03869047619047619 0.2804232804232804 0.06349206349206349 0.2605820105820106
1 0.41964285714285715 0.14285714285714285 0.48313492063492064 0.15608465608465608 0.4930555555555556 0.1693121693121693 0.4930555555555556 0.19444444444444445 0.4712301587301587 0.20767195767195767 0.4523809523809524 0.20767195767195767 0.39880952380952384 0.19047619047619047 0.39880952380952384 0.1746031746031746
0 0.5158730158730159 0.3888888888888889 0.5535714285714286 0.4021164021164021 0.5823412698412699 0.43915343915343913 0.5892857142857143 0.4669312169312169 0.5882936507936508 0.48412698412698413 0.5793650793650794 0.5224867724867724 0.5734126984126984 0.5317460317460317 0.5525793650793651 0.5357142857142857 0.5267857142857143 0.5224867724867724 0.5 0.48148148148148145 0.4880952380952381 0.44576719576719576 0.48908730158730157 0.42857142857142855 0.4990079365079365 0.4021164021164021