1 0.5277777777777778 0.5317460317460317 0.5436507936507936 0.5343915343915344 0.560515873015873 0.5529100529100529 0.5654761904761905 0.6203703703703703 0.5505952380952381 0.6322751322751323 0.5406746031746031 0.6574074074074074 0.5218253968253969 0.6851851851851852 0.5059523809523809 0.6878306878306878 0.5009920634920635 0.6825396825396826 0.49702380952380953 0.6613756613756614 0.4880952380952381 0.5648148148148148 0.49702380952380953 0.5423280423280423
1 0.8591269841269841 0.41005291005291006 0.8869047619047619 0.4166666666666667 0.9017857142857143 0.4417989417989418 0.9097222222222222 0.4708994708994709 0.8978174603174603 0.5132275132275133 0.875 0.5383597883597884 0.8611111111111112 0.5343915343915344 0.8462301587301587 0.5224867724867724 0.8353174603174603 0.5066137566137566 0.8283730158730159 0.47883597883597884 0.8303571428571429 0.4523809523809524 0.8422619047619048 0.43386243386243384 0.8472222222222222 0.4166666666666667
1 0.8333333333333334 0.5238095238095238 0.8492063492063492 0.5251322751322751 0.871031746031746 0.541005291005291 0.876984126984127 0.5515873015873016 0.876984126984127 0.5740740740740741 0.8700396825396826 0.5978835978835979 0.8511904761904762 0.6322751322751323 0.8382936507936508 0.6402116402116402 0.8184523809523809 0.6335978835978836 0.810515873015873 0.5992063492063492 0.8154761904761905 0.544973544973545
1 0.34325396825396826 0.5886243386243386 0.37103174603174605 0.5912698412698413 0.38293650793650796 0.6044973544973545 0.3869047619047619 0.6203703703703703 0.38591269841269843 0.6481481481481481 0.37797619047619047 0.6838624338624338 0.36706349206349204 0.7023809523809523 0.35912698412698413 0.7063492063492064 0.3482142857142857 0.7037037037037037 0.3392857142857143 0.6917989417989417 0.3194444444444444 0.6216931216931217 0.32043650793650796 0.6084656084656085
1 0.07837301587301587 0.21693121693121692 0.10615079365079365 0.22354497354497355 0.12202380952380952 0.23941798941798942 0.0992063492063492 0.30952380952380953 0.09027777777777778 0.3187830687830688 0.07242063492063493 0.3187830687830688 0.054563492063492064 0.31084656084656087 0.04365079365079365 0.2724867724867725 0.04662698412698413 0.23941798941798942 0.057539682539682536 0.22486772486772486
1 0.13392857142857142 0.2037037037037037 0.1498015873015873 0.20899470899470898 0.15376984126984128 0.21428571428571427 0.15376984126984128 0.2261904761904762 0.14583333333333334 0.23677248677248677 0.11805555555555555 0.25396825396825395 0.11011904761904762 0.27116402116402116 0.10416666666666667 0.3055555555555556 0.09424603174603174 0.31216931216931215 0.05853174603174603 0.3055555555555556 0.047619047619047616 0.27645502645502645 0.04265873015873016 0.23412698412698413 0.0496031746031746 0.2261904761904762 0.0763888888888889 0.2261904761904762 0.10218253968253968 0.24603174603174602 0.10615079365079365 0.24206349206349206 0.10416666666666667 0.23015873015873015 0.09027777777777778 0.21428571428571427
1 0.42956349206349204 0.031746031746031744 0.4494047619047619 0.03439153439153439 0.46130952380952384 0.05952380952380952 0.4573412698412698 0.08068783068783068 0.44642857142857145 0.09523809523809523 0.4126984126984127 0.06878306878306878 0.4027777777777778 0.051587301587301584 0.4097222222222222 0.03968253968253968
1 0.5277777777777778 0.3968253968253968 0.5406746031746031 0.4021164021164021 0.5535714285714286 0.4166666666666667 0.5505952380952381 0.4351851851851852 0.5337301587301587 0.4497354497354497 0.5158730158730159 0.44576719576719576 0.5099206349206349 0.4312169312169312 0.5148809523809523 0.40476190476190477
2 0.5942460317460317 0.4126984126984127 0.623015873015873 0.41534391534391535 0.623015873015873 0.43253968253968256 0.6091269841269841 0.5052910052910053 0.6021825396825397 0.5317460317460317 0.5912698412698413 0.5462962962962963 0.5724206349206349 0.5555555555555556 0.5625 0.5542328042328042 0.5525793650793651 0.544973544973545 0.5436507936507936 0.5224867724867724 0.5406746031746031 0.4801587301587302 0.560515873015873 0.44841269841269843 0.5843253968253969 0.43783068783068785
2 0.5505952380952381 0.21031746031746032 0.625 0.2222222222222222 0.6319444444444444 0.2275132275132275 0.6309523809523809 0.24074074074074073 0.5972222222222222 0.28835978835978837 0.5922619047619048 0.28835978835978837 0.5813492063492064 0.2751322751322751 0.5734126984126984 0.27116402116402116 0.5555555555555556 0.27380952380952384 0.5486111111111112 0.26587301587301587 0.5446428571428571 0.21825396825396826
1 0.5912698412698413 0.32936507936507936 0.6071428571428571 0.33201058201058203 0.6101190476190477 0.3425925925925926 0.5833333333333334 0.3783068783068783 0.5704365079365079 0.37962962962962965 0.5654761904761905 0.3584656084656085 0.566468253968254 0.3412698412698413 0.5773809523809523 0.33201058201058203