0 0.6081349206349206 0.44047619047619047 0.621031746031746 0.4417989417989418 0.6309523809523809 0.4497354497354497 0.6666666666666666 0.503968253968254 0.6696428571428571 0.5211640211640212 0.6001984126984127 0.6693121693121693 0.5783730158730159 0.6825396825396826 0.560515873015873 0.6666666666666666 0.5446428571428571 0.6322751322751323 0.5208333333333334 0.4947089947089947 0.5357142857142857 0.455026455026455 0.5416666666666666 0.44841269841269843 0.5843253968253969 0.45105820105820105
1 0.6577380952380952 0.3201058201058201 0.7003968253968254 0.32407407407407407 0.7232142857142857 0.33201058201058203 0.7351190476190477 0.33994708994708994 0.7549603174603174 0.3716931216931217 0.7678571428571429 0.4193121693121693 0.7827380952380952 0.5277777777777778 0.7817460317460317 0.544973544973545 0.7678571428571429 0.5701058201058201 0.7400793650793651 0.5701058201058201 0.7202380952380952 0.5582010582010583 0.6537698412698413 0.48148148148148145 0.6309523809523809 0.4444444444444444 0.625 0.4087301587301587 0.6299603174603174 0.36507936507936506 0.6428571428571429 0.33201058201058203
1 0.4255952380952381 0.4775132275132275 0.4305555555555556 0.4775132275132275 0.4503968253968254 0.503968253968254 0.45634920634920634 0.5185185185185185 0.4573412698412698 0.5423280423280423 0.439484126984127 0.6031746031746031 0.4166666666666667 0.6534391534391535 0.4007936507936508 0.6732804232804233 0.38293650793650796 0.6759259259259259 0.3621031746031746 0.6574074074074074 0.35119047619047616 0.6322751322751323 0.3482142857142857 0.5158730158730159 0.3531746031746032 0.5013227513227513 0.36706349206349204 0.4880952380952381 0.40476190476190477 0.5 0.41369047619047616 0.49603174603174605 0.41964285714285715 0.48148148148148145
1 0.6706349206349206 0.5357142857142857 0.6845238095238095 0.5357142857142857 0.7251984126984127 0.5542328042328042 0.7331349206349206 0.5674603174603174 0.7162698412698413 0.6309523809523809 0.7053571428571429 0.656084656084656 0.6984126984126984 0.6613756613756614 0.683531746031746 0.66005291005291 0.6765873015873016 0.6521164021164021 0.6617063492063492 0.5952380952380952 0.6517857142857143 0.5753968253968254 0.6557539682539683 0.5555555555555556
1 0.3680555555555556 0.36507936507936506 0.3958333333333333 0.37566137566137564 0.40575396825396826 0.39285714285714285 0.3998015873015873 0.43253968253968256 0.3878968253968254 0.4470899470899471 0.373015873015873 0.4537037037037037 0.3551587301587302 0.44841269841269843 0.3402777777777778 0.42063492063492064 0.35119047619047616 0.38095238095238093
1 0.21428571428571427 0.37566137566137564 0.25396825396825395 0.3783068783068783 0.2698412698412698 0.3888888888888889 0.2777777777777778 0.414021164021164 0.2787698412698413 0.4523809523809524 0.26884920634920634 0.4603174603174603 0.23115079365079366 0.4642857142857143 0.2152777777777778 0.4775132275132275 0.1974206349206349 0.45105820105820105 0.1884920634920635 0.421957671957672 0.19047619047619047 0.40476190476190477 0.1984126984126984 0.39021164021164023
1 0.2896825396825397 0.458994708994709 0.3115079365079365 0.4642857142857143 0.3194444444444444 0.48148148148148145 0.314484126984127 0.503968253968254 0.2926587301587302 0.5198412698412699 0.2787698412698413 0.5171957671957672 0.2708333333333333 0.4973544973544973 0.2767857142857143 0.4722222222222222
1 0.5436507936507936 0.1746031746031746 0.5575396825396826 0.1746031746031746 0.5704365079365079 0.19047619047619047 0.5813492063492064 0.19047619047619047 0.5823412698412699 0.1984126984126984 0.5952380952380952 0.20502645502645503 0.5972222222222222 0.21693121693121692 0.5912698412698413 0.21825396825396826 0.5813492063492064 0.1970899470899471 0.5714285714285714 0.1917989417989418 0.5654761904761905 0.21825396825396826 0.558531746031746 0.22883597883597884 0.5466269841269841 0.23809523809523808 0.5376984126984127 0.23544973544973544 0.5257936507936508 0.2222222222222222 0.5238095238095238 0.20899470899470898 0.5267857142857143 0.1917989417989418
1 0.20337301587301587 0.46296296296296297 0.21626984126984128 0.4656084656084656 0.2509920634920635 0.4933862433862434 0.2619047619047619 0.5066137566137566 0.2648809523809524 0.5224867724867724 0.25297619047619047 0.5343915343915344 0.23809523809523808 0.5317460317460317 0.21428571428571427 0.4973544973544973 0.2013888888888889 0.4695767195767196
1 0.5059523809523809 0.39285714285714285 0.5178571428571429 0.39285714285714285 0.5347222222222222 0.4312169312169312 0.5386904761904762 0.4576719576719577 0.5337301587301587 0.47883597883597884 0.5208333333333334 0.49867724867724866 0.5089285714285714 0.5052910052910053 0.5 0.5052910052910053 0.4851190476190476 0.49603174603174605 0.45535714285714285 0.49603174603174605 0.4513888888888889 0.47883597883597884 0.46130952380952384 0.4576719576719577 0.4583333333333333 0.44312169312169314 0.46130952380952384 0.414021164021164 0.47023809523809523 0.4060846560846561 0.48115079365079366 0.4166666666666667 0.4871031746031746 0.40343915343915343
2 0.7936507936507936 0.4947089947089947 0.8025793650793651 0.49603174603174605 0.8125 0.5132275132275133 0.8373015873015873 0.5370370370370371 0.8472222222222222 0.5661375661375662 0.8482142857142857 0.5952380952380952 0.8382936507936508 0.6309523809523809 0.7966269841269841 0.7129629629629629 0.7837301587301587 0.7288359788359788 0.7698412698412699 0.7301587301587301 0.7529761904761905 0.7116402116402116 0.7311507936507936 0.6507936507936508 0.7261904761904762 0.6150793650793651 0.7341269841269841 0.5767195767195767 0.7728174603174603 0.5793650793650794 0.7837301587301587 0.5727513227513228 0.7876984126984127 0.5542328042328042 0.7827380952380952 0.5171957671957672