2 0.31547619047619047 0.4470899470899471 0.34325396825396826 0.4537037037037037 0.35813492063492064 0.4695767195767196 0.36507936507936506 0.49206349206349204 0.36607142857142855 0.5158730158730159 0.3621031746031746 0.533068783068783 0.3531746031746032 0.544973544973545 0.3323412698412698 0.593915343915344 0.3194444444444444 0.6124338624338624 0.30158730158730157 0.6216931216931217 0.2906746031746032 0.6150793650793651 0.2867063492063492 0.6058201058201058 0.2757936507936508 0.5291005291005291 0.2757936507936508 0.4933862433862434 0.2916666666666667 0.458994708994709 0.30257936507936506 0.4497354497354497
2 0.6686507936507936 0.4576719576719577 0.6944444444444444 0.458994708994709 0.7132936507936508 0.4669312169312169 0.7242063492063492 0.4973544973544973 0.7172619047619048 0.5185185185185185 0.7123015873015873 0.5608465608465608 0.6924603174603174 0.6097883597883598 0.6746031746031746 0.6309523809523809 0.6577380952380952 0.6322751322751323 0.6478174603174603 0.6216931216931217 0.6448412698412699 0.6111111111111112 0.6309523809523809 0.5066137566137566 0.6458333333333334 0.46825396825396826
2 0.6458333333333334 0.18518518518518517 0.6676587301587301 0.18783068783068782 0.685515873015873 0.20767195767195767 0.7172619047619048 0.28835978835978837 0.7103174603174603 0.3082010582010582 0.6974206349206349 0.31746031746031744 0.6825396825396826 0.31746031746031744 0.6279761904761905 0.30423280423280424 0.628968253968254 0.2923280423280423 0.6359126984126984 0.2804232804232804 0.6359126984126984 0.23015873015873015 0.6279761904761905 0.19973544973544974 0.6339285714285714 0.19047619047619047
1 0.6428571428571429 0.31084656084656087 0.6597222222222222 0.31084656084656087 0.6706349206349206 0.31746031746031744 0.683531746031746 0.3505291005291005 0.6845238095238095 0.38227513227513227 0.6805555555555556 0.4060846560846561 0.6597222222222222 0.43783068783068785 0.6557539682539683 0.4351851851851852 0.6517857142857143 0.41798941798941797 0.6259920634920635 0.3862433862433862 0.6190476190476191 0.3584656084656085 0.625 0.32671957671957674
1 0.7599206349206349 0.5171957671957672 0.7718253968253969 0.5171957671957672 0.7867063492063492 0.5251322751322751 0.8045634920634921 0.5462962962962963 0.8055555555555556 0.5595238095238095 0.7827380952380952 0.626984126984127 0.7728174603174603 0.6388888888888888 0.7559523809523809 0.6428571428571429 0.7440476190476191 0.6349206349206349 0.7311507936507936 0.6071428571428571 0.7242063492063492 0.5582010582010583 0.7271825396825397 0.5436507936507936 0.7341269841269841 0.5343915343915344
1 0.376984126984127 0.5119047619047619 0.39186507936507936 0.5145502645502645 0.4087301587301587 0.5251322751322751 0.4176587301587302 0.5423280423280423 0.4156746031746032 0.5912698412698413 0.4027777777777778 0.656084656084656 0.3958333333333333 0.6653439153439153 0.38492063492063494 0.6693121693121693 0.3680555555555556 0.6653439153439153 0.3601190476190476 0.6574074074074074 0.34226190476190477 0.6124338624338624 0.33630952380952384 0.5859788359788359 0.3412698412698413 0.5674603174603174 0.36507936507936506 0.5224867724867724
1 0.8839285714285714 0.6746031746031746 0.8998015873015873 0.6785714285714286 0.9196428571428571 0.6957671957671958 0.9236111111111112 0.705026455026455 0.9146825396825397 0.7433862433862434 0.8998015873015873 0.7579365079365079 0.8700396825396826 0.7433862433862434 0.8630952380952381 0.7182539682539683 0.8571428571428571 0.7103174603174603 0.8640873015873016 0.6970899470899471 0.8799603174603174 0.6851851851851852
1 0.8343253968253969 0.7751322751322751 0.8511904761904762 0.7751322751322751 0.8640873015873016 0.783068783068783 0.8561507936507936 0.8346560846560847 0.8511904761904762 0.8478835978835979 0.8373015873015873 0.8611111111111112 0.8253968253968254 0.8505291005291006 0.814484126984127 0.8015873015873016 0.816468253968254 0.7896825396825397
1 0.07539682539682539 0.5066137566137566 0.10912698412698413 0.5238095238095238 0.12103174603174603 0.541005291005291 0.11805555555555555 0.5582010582010583 0.09226190476190477 0.582010582010582 0.0882936507936508 0.6084656084656085 0.06845238095238096 0.5608465608465608 0.07142857142857142 0.5158730158730159
1 0.45337301587301587 0.37433862433862436 0.4652777777777778 0.38095238095238093 0.4781746031746032 0.4021164021164021 0.4781746031746032 0.41005291005291006 0.4712301587301587 0.4312169312169312 0.44246031746031744 0.4365079365079365 0.4365079365079365 0.4298941798941799 0.435515873015873 0.4166666666666667
1 0.07539682539682539 0.5145502645502645 0.11507936507936507 0.5171957671957672 0.13392857142857142 0.5291005291005291 0.12996031746031747 0.5873015873015873 0.14384920634920634 0.6190476190476191 0.14384920634920634 0.6322751322751323 0.12797619047619047 0.656084656084656 0.12698412698412698 0.671957671957672 0.11507936507936507 0.6693121693121693 0.10615079365079365 0.6574074074074074 0.0882936507936508 0.6574074074074074 0.07837301587301587 0.6468253968253969 0.09027777777777778 0.5859788359788359 0.0882936507936508 0.5767195767195767 0.07539682539682539 0.5753968253968254 0.06448412698412699 0.5462962962962963
1 0.8670634920634921 0.44312169312169314 0.8740079365079365 0.44312169312169314 0.8829365079365079 0.46164021164021163 0.9156746031746031 0.4801587301587302 0.9186507936507936 0.48677248677248675 0.9146825396825397 0.5079365079365079 0.8759920634920635 0.544973544973545 0.8621031746031746 0.5436507936507936 0.8521825396825397 0.533068783068783 0.8442460317460317 0.5 0.8462301587301587 0.4775132275132275 0.8591269841269841 0.44841269841269843
1 0.9742063492063492 0.04365079365079365 0.9871031746031746 0.04497354497354497 1 0.06084656084656084 1 0.10582010582010581 0.9940476190476191 0.10185185185185185 0.9365079365079365 0.10317460317460317 0.933531746031746 0.07407407407407407 0.9553571428571429 0.05026455026455026