1 0.03373015873015873 0.06878306878306878 0.06349206349206349 0.06878306878306878 0.09523809523809523 0.09126984126984126 0.08234126984126984 0.10449735449735449 0.05257936507936508 0.11507936507936507 0.037698412698412696 0.13756613756613756 0.026785714285714284 0.1388888888888889 0.010912698412698412 0.09788359788359788 0.017857142857142856 0.08068783068783068
1 0.1001984126984127 0.09391534391534391 0.1130952380952381 0.10052910052910052 0.14186507936507936 0.09788359788359788 0.1498015873015873 0.10317460317460317 0.15575396825396826 0.11375661375661375 0.1527777777777778 0.12962962962962962 0.1597222222222222 0.1626984126984127 0.15476190476190477 0.1746031746031746 0.15178571428571427 0.1746031746031746 0.14682539682539683 0.15343915343915343 0.14583333333333334 0.13624338624338625 0.13293650793650794 0.1283068783068783 0.12797619047619047 0.1283068783068783 0.12003968253968254 0.14285714285714285 0.11607142857142858 0.167989417989418 0.09623015873015874 0.18121693121693122 0.06746031746031746 0.17063492063492064 0.040674603174603176 0.14153439153439154 0.04563492063492063 0.12433862433862433 0.05654761904761905 0.11375661375661375
1 0.13293650793650794 0.07275132275132275 0.1527777777777778 0.07407407407407407 0.17162698412698413 0.11507936507936507 0.1746031746031746 0.14153439153439154 0.17063492063492064 0.17989417989417988 0.13392857142857142 0.1865079365079365 0.11408730158730158 0.1746031746031746 0.07738095238095238 0.1746031746031746 0.05952380952380952 0.164021164021164 0.04265873015873016 0.14285714285714285 0.044642857142857144 0.12433862433862433 0.054563492063492064 0.10978835978835978
1 0.17559523809523808 0.19444444444444445 0.19146825396825398 0.20105820105820105 0.20238095238095238 0.22883597883597884 0.20337301587301587 0.2447089947089947 0.18353174603174602 0.2751322751322751 0.16468253968253968 0.28703703703703703 0.1527777777777778 0.2724867724867725 0.14682539682539683 0.2566137566137566 0.14484126984126985 0.22486772486772486 0.15178571428571427 0.20767195767195767 0.16666666666666666 0.2037037037037037
1 0.44841269841269843 0.24867724867724866 0.4652777777777778 0.24867724867724866 0.4791666666666667 0.2566137566137566 0.48908730158730157 0.2777777777777778 0.48908730158730157 0.3002645502645503 0.48115079365079366 0.32275132275132273 0.4722222222222222 0.33465608465608465 0.45436507936507936 0.3412698412698413 0.4781746031746032 0.3531746031746032 0.48412698412698413 0.37037037037037035 0.48412698412698413 0.41798941798941797 0.4712301587301587 0.4351851851851852 0.45337301587301587 0.43253968253968256 0.42857142857142855 0.40476190476190477 0.42857142857142855 0.3637566137566138 0.43253968253968256 0.3492063492063492 0.439484126984127 0.3425925925925926 0.42857142857142855 0.2830687830687831 0.4365079365079365 0.25793650793650796
1 0.5783730158730159 0.3531746031746032 0.5853174603174603 0.3531746031746032 0.5982142857142857 0.3664021164021164 0.6001984126984127 0.3968253968253968 0.5833333333333334 0.4351851851851852 0.5684523809523809 0.43783068783068785 0.5545634920634921 0.41798941798941797 0.5496031746031746 0.39021164021164023 0.5535714285714286 0.37433862433862436 0.5615079365079365 0.3637566137566138
1 0.4375 0.32275132275132273 0.4722222222222222 0.32936507936507936 0.4861111111111111 0.33994708994708994 0.49107142857142855 0.4021164021164021 0.4861111111111111 0.421957671957672 0.4751984126984127 0.4365079365079365 0.45337301587301587 0.43915343915343913 0.44345238095238093 0.43386243386243384 0.41865079365079366 0.3941798941798942 0.42956349206349204 0.3306878306878307
0 0.5833333333333334 0.4351851851851852 0.5922619047619048 0.44047619047619047 0.6001984126984127 0.455026455026455 0.6041666666666666 0.49206349206349204 0.6031746031746031 0.5396825396825397 0.6011904761904762 0.5555555555555556 0.5882936507936508 0.5806878306878307 0.5684523809523809 0.5846560846560847 0.5575396825396826 0.5753968253968254 0.5198412698412699 0.5224867724867724 0.5029761904761905 0.4828042328042328 0.5009920634920635 0.46164021164021163 0.503968253968254 0.455026455026455 0.5218253968253969 0.4444444444444444 0.5674603174603174 0.4497354497354497
0 0.6676587301587301 0.2698412698412698 0.6875 0.27116402116402116 0.7172619047619048 0.29365079365079366 0.7380952380952381 0.37962962962962965 0.7380952380952381 0.42592592592592593 0.7271825396825397 0.47883597883597884 0.7152777777777778 0.5052910052910053 0.6994047619047619 0.5171957671957672 0.6825396825396826 0.5145502645502645 0.6666666666666666 0.5013227513227513 0.6160714285714286 0.4444444444444444 0.6150793650793651 0.414021164021164 0.6031746031746031 0.37566137566137564 0.6031746031746031 0.35978835978835977 0.6091269841269841 0.3492063492063492 0.6081349206349206 0.3306878306878307 0.6180555555555556 0.3187830687830688 0.6220238095238095 0.3055555555555556 0.6438492063492064 0.2804232804232804
0 0.3759920634920635 0.24074074074074073 0.3948412698412698 0.2447089947089947 0.4087301587301587 0.26587301587301587 0.4236111111111111 0.3082010582010582 0.42658730158730157 0.35714285714285715 0.41865079365079366 0.3955026455026455 0.4017857142857143 0.42724867724867727 0.36904761904761907 0.4603174603174603 0.34226190476190477 0.4708994708994709 0.32936507936507936 0.4576719576719577 0.3125 0.4113756613756614 0.30853174603174605 0.3915343915343915 0.310515873015873 0.34523809523809523 0.3273809523809524 0.27645502645502645 0.3492063492063492 0.2526455026455027
0 0.9027777777777778 0 0.9890873015873016 0.0026455026455026454 1 0.018518518518518517 1 0.08597883597883597 0.9434523809523809 0.09656084656084656 0.9246031746031746 0.08994708994708994 0.9146825396825397 0.07275132275132275 0.9156746031746031 0.05026455026455026 0.9067460317460317 0.03571428571428571