1 0.4166666666666667 0.37037037037037035 0.44047619047619047 0.37566137566137564 0.45535714285714285 0.40343915343915343 0.44047619047619047 0.47354497354497355 0.42956349206349204 0.49074074074074076 0.4166666666666667 0.4894179894179894 0.40575396825396826 0.4722222222222222 0.3898809523809524 0.4126984126984127 0.39285714285714285 0.39021164021164023 0.4037698412698413 0.376984126984127
1 0.7430555555555556 0.0582010582010582 0.7668650793650794 0.06084656084656084 0.7787698412698413 0.07539682539682539 0.7807539682539683 0.10317460317460317 0.7767857142857143 0.12698412698412698 0.7678571428571429 0.14682539682539683 0.7569444444444444 0.15476190476190477 0.7222222222222222 0.1402116402116402 0.691468253968254 0.1349206349206349 0.683531746031746 0.11772486772486772 0.6845238095238095 0.10185185185185185 0.6904761904761905 0.08994708994708994 0.7182539682539683 0.06613756613756613
1 0.2013888888888889 0.5198412698412699 0.2400793650793651 0.5264550264550265 0.251984126984127 0.5370370370370371 0.25793650793650796 0.5529100529100529 0.25793650793650796 0.5873015873015873 0.24801587301587302 0.6177248677248677 0.23511904761904762 0.6455026455026455 0.21726190476190477 0.6587301587301587 0.20436507936507936 0.66005291005291 0.1884920634920635 0.6521164021164021 0.18154761904761904 0.6402116402116402 0.1765873015873016 0.6164021164021164 0.1775793650793651 0.5687830687830688 0.18551587301587302 0.5436507936507936
1 0.33630952380952384 0.578042328042328 0.34424603174603174 0.5793650793650794 0.35813492063492064 0.6097883597883598 0.34523809523809523 0.6732804232804233 0.3402777777777778 0.6798941798941799 0.3273809523809524 0.6825396825396826 0.30753968253968256 0.6666666666666666 0.29662698412698413 0.6468253968253969 0.2926587301587302 0.6296296296296297 0.2976190476190476 0.6058201058201058 0.3115079365079365 0.5873015873015873
1 0.49107142857142855 0.5502645502645502 0.498015873015873 0.5568783068783069 0.5 0.5965608465608465 0.49206349206349204 0.6177248677248677 0.4781746031746032 0.6216931216931217 0.4623015873015873 0.6031746031746031 0.4662698412698413 0.5582010582010583
0 0.2777777777777778 0.5859788359788359 0.2916666666666667 0.5912698412698413 0.2976190476190476 0.6124338624338624 0.2976190476190476 0.6322751322751323 0.30952380952380953 0.6441798941798942 0.32142857142857145 0.671957671957672 0.3353174603174603 0.6812169312169312 0.3244047619047619 0.7156084656084656 0.3055555555555556 0.7367724867724867 0.2906746031746032 0.7380952380952381 0.28174603174603174 0.7288359788359788 0.2628968253968254 0.6626984126984127 0.2638888888888889 0.6084656084656085
0 0.46825396825396826 0.19973544973544974 0.49404761904761907 0.20634920634920634 0.5109126984126984 0.21957671957671956 0.5297619047619048 0.25132275132275134 0.5376984126984127 0.27645502645502645 0.5406746031746031 0.3187830687830688 0.5357142857142857 0.3544973544973545 0.5307539682539683 0.36772486772486773 0.5069444444444444 0.39285714285714285 0.4861111111111111 0.3941798941798942 0.4583333333333333 0.3835978835978836 0.4236111111111111 0.31613756613756616 0.4176587301587302 0.26587301587301587 0.4255952380952381 0.2275132275132275 0.44345238095238093 0.20899470899470898
0 0.37896825396825395 0.503968253968254 0.4166666666666667 0.503968253968254 0.4365079365079365 0.5105820105820106 0.44543650793650796 0.5211640211640212 0.4523809523809524 0.5476190476190477 0.45436507936507936 0.582010582010582 0.44642857142857145 0.6481481481481481 0.435515873015873 0.6878306878306878 0.41865079365079366 0.7037037037037037 0.39285714285714285 0.6984126984126984 0.3611111111111111 0.6574074074074074 0.3621031746031746 0.6243386243386243 0.37202380952380953 0.6084656084656085 0.3740079365079365 0.593915343915344 0.36904761904761907 0.5859788359788359 0.3551587301587302 0.5793650793650794 0.34226190476190477 0.5582010582010583 0.34226190476190477 0.544973544973545 0.3472222222222222 0.5277777777777778 0.35912698412698413 0.5105820105820106
2 0.11408730158730158 0.04497354497354497 0.16071428571428573 0.05026455026455026 0.18055555555555555 0.06084656084656084 0.1875 0.07539682539682539 0.1865079365079365 0.09788359788359788 0.16468253968253968 0.16666666666666666 0.15376984126984128 0.18783068783068782 0.13988095238095238 0.20238095238095238 0.125 0.19576719576719576 0.10317460317460317 0.16005291005291006 0.08333333333333333 0.14153439153439154 0.0882936507936508 0.07407407407407407 0.09623015873015874 0.05952380952380952
1 0.19345238095238096 0.05952380952380952 0.2261904761904762 0.06349206349206349 0.22817460317460317 0.07539682539682539 0.2569444444444444 0.0992063492063492 0.2628968253968254 0.11507936507936507 0.18948412698412698 0.13624338624338625 0.18253968253968253 0.11375661375661375 0.1875 0.06746031746031746
1 0.28273809523809523 0.03571428571428571 0.29365079365079366 0.037037037037037035 0.2996031746031746 0.05026455026455026 0.3005952380952381 0.09126984126984126 0.2906746031746032 0.10846560846560846 0.2648809523809524 0.10714285714285714 0.22023809523809523 0.07539682539682539 0.2251984126984127 0.06349206349206349 0.2390873015873016 0.05952380952380952 0.25297619047619047 0.04365079365079365
1 0.691468253968254 0.13756613756613756 0.7192460317460317 0.1388888888888889 0.7599206349206349 0.15343915343915343 0.7757936507936508 0.17063492063492064 0.7807539682539683 0.18518518518518517 0.7787698412698413 0.2037037037037037 0.7668650793650794 0.21825396825396826 0.7271825396825397 0.24074074074074073 0.7242063492063492 0.26322751322751325 0.7053571428571429 0.291005291005291 0.6974206349206349 0.2962962962962963 0.6934523809523809 0.2962962962962963 0.6716269841269841 0.26587301587301587 0.6726190476190477 0.24074074074074073 0.6617063492063492 0.22354497354497355 0.6567460317460317 0.1931216931216931 0.6597222222222222 0.1626984126984127 0.6765873015873016 0.14417989417989419