0 0.34424603174603174 0.47354497354497355 0.37103174603174605 0.47354497354497355 0.39087301587301587 0.4828042328042328 0.4087301587301587 0.5 0.4176587301587302 0.5211640211640212 0.3948412698412698 0.5383597883597884 0.3888888888888889 0.5502645502645502 0.3948412698412698 0.6203703703703703 0.3353174603174603 0.6732804232804233 0.32043650793650796 0.6785714285714286 0.30357142857142855 0.6759259259259259 0.2976190476190476 0.6693121693121693 0.29563492063492064 0.6468253968253969 0.30456349206349204 0.5529100529100529 0.3125 0.5185185185185185 0.32341269841269843 0.4933862433862434
0 0.49503968253968256 0.5079365079365079 0.5297619047619048 0.5119047619047619 0.5505952380952381 0.5277777777777778 0.5615079365079365 0.544973544973545 0.5684523809523809 0.5833333333333334 0.5654761904761905 0.6203703703703703 0.5446428571428571 0.6706349206349206 0.5218253968253969 0.75 0.5109126984126984 0.7658730158730159 0.49702380952380953 0.7711640211640212 0.4791666666666667 0.7645502645502645 0.4662698412698413 0.7486772486772487 0.45634920634920634 0.7248677248677249 0.4513888888888889 0.6970899470899471 0.4603174603174603 0.6190476190476191 0.4751984126984127 0.5965608465608465 0.46726190476190477 0.5727513227513228 0.47023809523809523 0.5542328042328042 0.45535714285714285 0.541005291005291 0.45436507936507936 0.5304232804232805 0.46726190476190477 0.5145502645502645
1 0.6071428571428571 0.4933862433862434 0.6309523809523809 0.49603174603174605 0.6458333333333334 0.5105820105820106 0.6537698412698413 0.5291005291005291 0.6547619047619048 0.5621693121693122 0.6329365079365079 0.6335978835978836 0.6150793650793651 0.656084656084656 0.5922619047619048 0.6613756613756614 0.5823412698412699 0.6507936507936508 0.5753968253968254 0.6335978835978836 0.564484126984127 0.5370370370370371 0.5773809523809523 0.5105820105820106 0.5902777777777778 0.49867724867724866
1 0.4146825396825397 0.5317460317460317 0.43154761904761907 0.533068783068783 0.4494047619047619 0.5423280423280423 0.4632936507936508 0.5568783068783069 0.4652777777777778 0.5767195767195767 0.4603174603174603 0.5925925925925926 0.44742063492063494 0.6097883597883598 0.4246031746031746 0.623015873015873 0.4027777777777778 0.6256613756613757 0.3948412698412698 0.6216931216931217 0.3898809523809524 0.6097883597883598 0.3878968253968254 0.5555555555555556 0.39285714285714285 0.5436507936507936
1 0.871031746031746 0 0.9325396825396826 0 0.9454365079365079 0.03439153439153439 0.9424603174603174 0.05555555555555555 0.935515873015873 0.0701058201058201 0.9216269841269841 0.082010582010582 0.9007936507936508 0.0873015873015873 0.8849206349206349 0.08862433862433862 0.8700396825396826 0.08068783068783068 0.8601190476190477 0.056878306878306875 0.8571428571428571 0.03042328042328042 0.8630952380952381 0.010582010582010581
1 0.9801587301587301 0 1 0 1 0.07804232804232804 0.9623015873015873 0.062169312169312166 0.9513888888888888 0.06746031746031746 0.9384920634920635 0.062169312169312166 0.9166666666666666 0.06349206349206349 0.9166666666666666 0.0582010582010582 0.9275793650793651 0.05555555555555555 0.9315476190476191 0.04894179894179894 0.9613095238095238 0.047619047619047616 0.9801587301587301 0.018518518518518517 0.9890873015873016 0.01455026455026455
1 0.2628968253968254 0.16005291005291006 0.2698412698412698 0.16137566137566137 0.28174603174603174 0.17724867724867724 0.2857142857142857 0.19444444444444445 0.2847222222222222 0.2156084656084656 0.26884920634920634 0.23015873015873015 0.25 0.22354497354497355 0.2371031746031746 0.1931216931216931 0.2371031746031746 0.17724867724867724 0.24107142857142858 0.17195767195767195
1 0.08234126984126984 0 0.11607142857142858 0 0.11904761904761904 0.003968253968253968 0.125 0.027777777777777776 0.10714285714285714 0.0582010582010582 0.0873015873015873 0.05952380952380952 0.07242063492063493 0.03968253968253968 0.06944444444444445 0.022486772486772486 0.0763888888888889 0.003968253968253968
1 0.001984126984126984 0 0.023809523809523808 0 0.028769841269841268 0.01455026455026455 0.044642857142857144 0.02513227513227513 0.04563492063492063 0.042328042328042326 0.030753968253968252 0.06349206349206349 0.0248015873015873 0.06481481481481481 0.00496031746031746 0.047619047619047616 0.001984126984126984 0.037037037037037035 0.008928571428571428 0.009259259259259259
1 0.125 0 0.1359126984126984 0.031746031746031744 0.14285714285714285 0.03968253968253968 0.15376984126984128 0.041005291005291 0.18353174603174602 0.0291005291005291 0.19444444444444445 0.03042328042328042 0.2013888888888889 0.03835978835978836 0.2123015873015873 0.03835978835978836 0.21825396825396826 0.027777777777777776 0.21626984126984128 0
1 0.6081349206349206 0.19973544973544974 0.621031746031746 0.20899470899470898 0.6369047619047619 0.2447089947089947 0.623015873015873 0.28703703703703703 0.6150793650793651 0.294973544973545 0.6041666666666666 0.2962962962962963 0.5962301587301587 0.2923280423280423 0.5902777777777778 0.28174603174603174 0.5843253968253969 0.24735449735449735
1 0.1388888888888889 0.11243386243386243 0.1498015873015873 0.11375661375661375 0.16765873015873015 0.12698412698412698 0.1736111111111111 0.15343915343915343 0.17063492063492064 0.16534391534391535 0.12996031746031747 0.16534391534391535 0.11607142857142858 0.15211640211640212 0.11408730158730158 0.1402116402116402 0.11805555555555555 0.13227513227513227