0 0.35119047619047616 0.46164021164021163 0.39087301587301587 0.46164021164021163 0.4166666666666667 0.49603174603174605 0.42063492063492064 0.5264550264550265 0.4176587301587302 0.5806878306878307 0.4126984126984127 0.5992063492063492 0.39880952380952384 0.6150793650793651 0.37797619047619047 0.6111111111111112 0.3621031746031746 0.5886243386243386 0.3392857142857143 0.5383597883597884 0.3343253968253968 0.5158730158730159 0.3343253968253968 0.4894179894179894 0.3402777777777778 0.4695767195767196
0 0.44047619047619047 0.3306878306878307 0.45634920634920634 0.3306878306878307 0.4712301587301587 0.3412698412698413 0.4791666666666667 0.36507936507936506 0.48214285714285715 0.3915343915343915 0.49206349206349204 0.4166666666666667 0.49007936507936506 0.4417989417989418 0.4742063492063492 0.47619047619047616 0.4603174603174603 0.49074074074074076 0.44543650793650796 0.4973544973544973 0.4255952380952381 0.49603174603174605 0.4087301587301587 0.4880952380952381 0.39285714285714285 0.455026455026455 0.3968253968253968 0.38756613756613756 0.4037698412698413 0.36243386243386244 0.4176587301587302 0.3412698412698413
0 0.6825396825396826 0.18783068783068782 0.7103174603174603 0.19444444444444445 0.7311507936507936 0.21296296296296297 0.7529761904761905 0.27380952380952384 0.7509920634920635 0.28835978835978837 0.7450396825396826 0.2976190476190476 0.7202380952380952 0.3082010582010582 0.6954365079365079 0.30952380952380953 0.6656746031746031 0.294973544973545 0.6537698412698413 0.2804232804232804 0.6478174603174603 0.2619047619047619 0.6507936507936508 0.2208994708994709 0.6626984126984127 0.2037037037037037
0 0.5317460317460317 0.33465608465608465 0.5505952380952381 0.3386243386243386 0.5625 0.3531746031746032 0.5694444444444444 0.37037037037037035 0.5783730158730159 0.42592592592592593 0.5615079365079365 0.44576719576719576 0.5406746031746031 0.4470899470899471 0.5248015873015873 0.43915343915343913 0.5029761904761905 0.4193121693121693 0.48313492063492064 0.3888888888888889 0.48313492063492064 0.3783068783068783 0.5029761904761905 0.3478835978835979
1 0.6051587301587301 0.3333333333333333 0.6309523809523809 0.3386243386243386 0.6597222222222222 0.36772486772486773 0.6577380952380952 0.4060846560846561 0.6507936507936508 0.4312169312169312 0.6398809523809523 0.44312169312169314 0.6160714285714286 0.4417989417989418 0.5873015873015873 0.4246031746031746 0.5803571428571429 0.4113756613756614 0.5813492063492064 0.373015873015873 0.5932539682539683 0.34523809523809523
1 0.6597222222222222 0.43915343915343913 0.683531746031746 0.4417989417989418 0.6845238095238095 0.455026455026455 0.6944444444444444 0.4775132275132275 0.6944444444444444 0.4933862433862434 0.6875 0.5066137566137566 0.6686507936507936 0.5066137566137566 0.6498015873015873 0.49603174603174605 0.6378968253968254 0.48148148148148145 0.6359126984126984 0.4669312169312169
1 0.41964285714285715 0.58994708994709 0.43452380952380953 0.5952380952380952 0.43452380952380953 0.623015873015873 0.4236111111111111 0.6441798941798942 0.4037698412698413 0.6468253968253969 0.3958333333333333 0.6349206349206349 0.3948412698412698 0.6203703703703703
1 0.1001984126984127 0.18121693121693122 0.12103174603174603 0.21957671957671956 0.12202380952380952 0.24735449735449735 0.11607142857142858 0.25925925925925924 0.10218253968253968 0.26851851851851855 0.0763888888888889 0.26851851851851855 0.05257936507936508 0.24735449735449735 0.0496031746031746 0.21693121693121692 0.06845238095238096 0.18915343915343916 0.0744047619047619 0.18518518518518517 0.09027777777777778 0.18915343915343916
1 0.1736111111111111 0.1402116402116402 0.18948412698412698 0.15211640211640212 0.20833333333333334 0.18253968253968253 0.20337301587301587 0.21031746031746032 0.19047619047619047 0.2261904761904762 0.18055555555555555 0.23015873015873015 0.1636904761904762 0.2261904761904762 0.14285714285714285 0.1917989417989418 0.1527777777777778 0.1574074074074074
1 0.20337301587301587 0.0582010582010582 0.23511904761904762 0.05952380952380952 0.25396825396825395 0.0701058201058201 0.2748015873015873 0.07142857142857142 0.30158730158730157 0.082010582010582 0.30753968253968256 0.08994708994708994 0.30357142857142855 0.11507936507936507 0.2916666666666667 0.13227513227513227 0.2767857142857143 0.1349206349206349 0.26587301587301587 0.1283068783068783 0.25892857142857145 0.1111111111111111 0.2509920634920635 0.10582010582010581 0.2400793650793651 0.11375661375661375 0.23809523809523808 0.12698412698412698 0.23115079365079366 0.13624338624338625 0.2123015873015873 0.15079365079365079 0.20634920634920634 0.14153439153439154 0.20634920634920634 0.12698412698412698 0.2013888888888889 0.11507936507936507 0.18055555555555555 0.10978835978835978 0.1636904761904762 0.09126984126984126 0.16865079365079366 0.07539682539682539
1 0.25297619047619047 0.06349206349206349 0.2976190476190476 0.07936507936507936 0.30357142857142855 0.09259259259259259 0.30158730158730157 0.1283068783068783 0.2837301587301587 0.1402116402116402 0.26884920634920634 0.1388888888888889 0.26091269841269843 0.1283068783068783 0.25595238095238093 0.1111111111111111 0.24206349206349206 0.10052910052910052 0.23511904761904762 0.10317460317460317 0.22916666666666666 0.12566137566137567 0.21825396825396826 0.12433862433862433 0.2152777777777778 0.11375661375661375 0.22123015873015872 0.10714285714285714 0.22420634920634921 0.08994708994708994
1 0.7202380952380952 0.03968253968253968 0.7400793650793651 0.06878306878306878 0.7599206349206349 0.08597883597883597 0.7599206349206349 0.10449735449735449 0.7380952380952381 0.14153439153439154 0.7291666666666666 0.14417989417989419 0.7113095238095238 0.1349206349206349 0.6984126984126984 0.11772486772486772 0.6438492063492064 0.12433862433862433 0.6299603174603174 0.11507936507936507 0.685515873015873 0.09656084656084656 0.7063492063492064 0.082010582010582 0.7301587301587301 0.07539682539682539 0.7132936507936508 0.051587301587301584
1 0.8482142857142857 0.164021164021164 0.8601190476190477 0.16666666666666666 0.8640873015873016 0.2037037037037037 0.8442460317460317 0.2328042328042328 0.8273809523809523 0.19047619047619047
1 0.8591269841269841 0.28835978835978837 0.875 0.29894179894179895 0.8829365079365079 0.32936507936507936 0.8829365079365079 0.34656084656084657 0.8740079365079365 0.3611111111111111 0.8621031746031746 0.36772486772486773 0.8363095238095238 0.37037037037037035 0.8293650793650794 0.35714285714285715 0.8293650793650794 0.32142857142857145 0.8472222222222222 0.30952380952380953