1 0.5634920634920635 0.44841269841269843 0.5833333333333334 0.455026455026455 0.5952380952380952 0.47354497354497355 0.6011904761904762 0.4933862433862434 0.6011904761904762 0.548941798941799 0.5803571428571429 0.582010582010582 0.5694444444444444 0.5793650793650794 0.5654761904761905 0.5714285714285714 0.5456349206349206 0.5568783068783069 0.5396825396825397 0.5423280423280423 0.5386904761904762 0.4708994708994709
1 0.8313492063492064 0.5873015873015873 0.8501984126984127 0.5873015873015873 0.8670634920634921 0.5965608465608465 0.875 0.6071428571428571 0.875 0.6296296296296297 0.8571428571428571 0.6693121693121693 0.8531746031746031 0.6904761904761905 0.8253968253968254 0.716931216931217 0.8075396825396826 0.7222222222222222 0.7956349206349206 0.708994708994709 0.7936507936507936 0.6970899470899471 0.7956349206349206 0.6097883597883598 0.8095238095238095 0.58994708994709
1 0.8591269841269841 0.26587301587301587 0.8908730158730159 0.2698412698412698 0.8998015873015873 0.27645502645502645 0.9077380952380952 0.291005291005291 0.9107142857142857 0.3425925925925926 0.8978174603174603 0.34656084656084657 0.8839285714285714 0.36772486772486773 0.8759920634920635 0.3716931216931217 0.8482142857142857 0.36904761904761907 0.8382936507936508 0.34523809523809523 0.8373015873015873 0.3201058201058201 0.8432539682539683 0.2791005291005291
1 0.7797619047619048 0.046296296296296294 0.7956349206349206 0.04894179894179894 0.8253968253968254 0.07671957671957672 0.8253968253968254 0.08994708994708994 0.8204365079365079 0.10052910052910052 0.8025793650793651 0.12037037037037036 0.7807539682539683 0.12301587301587301 0.7668650793650794 0.11507936507936507 0.7579365079365079 0.10185185185185185 0.7559523809523809 0.07539682539682539 0.7589285714285714 0.06746031746031746 0.7658730158730159 0.05555555555555555
1 0.6061507936507936 0.5013227513227513 0.6200396825396826 0.5198412698412699 0.623015873015873 0.5423280423280423 0.6339285714285714 0.548941798941799 0.6468253968253969 0.5674603174603174 0.6488095238095238 0.6190476190476191 0.6458333333333334 0.6309523809523809 0.6349206349206349 0.6402116402116402 0.6150793650793651 0.6322751322751323 0.5882936507936508 0.6071428571428571 0.5873015873015873 0.5912698412698413 0.6031746031746031 0.5396825396825397
1 0.6567460317460317 0.5634920634920635 0.6805555555555556 0.5767195767195767 0.7103174603174603 0.5714285714285714 0.7232142857142857 0.593915343915344 0.7242063492063492 0.6071428571428571 0.7053571428571429 0.6455026455026455 0.6865079365079365 0.6653439153439153 0.6716269841269841 0.6653439153439153 0.6607142857142857 0.6481481481481481 0.6517857142857143 0.5886243386243386 0.6517857142857143 0.5701058201058201
0 0.48214285714285715 0.31216931216931215 0.5049603174603174 0.3134920634920635 0.5208333333333334 0.32275132275132273 0.5426587301587301 0.3544973544973545 0.5565476190476191 0.3994708994708995 0.5615079365079365 0.4351851851851852 0.5565476190476191 0.44576719576719576 0.5416666666666666 0.458994708994709 0.5198412698412699 0.4642857142857143 0.4771825396825397 0.4523809523809524 0.4444444444444444 0.421957671957672 0.44047619047619047 0.39814814814814814 0.44642857142857145 0.3544973544973545 0.4662698412698413 0.3187830687830688
0 0.6537698412698413 0.33465608465608465 0.6736111111111112 0.3386243386243386 0.6934523809523809 0.3505291005291005 0.7152777777777778 0.3783068783068783 0.7232142857142857 0.40343915343915343 0.7251984126984127 0.4417989417989418 0.7212301587301587 0.46825396825396826 0.7202380952380952 0.5423280423280423 0.7113095238095238 0.5701058201058201 0.6974206349206349 0.582010582010582 0.6815476190476191 0.582010582010582 0.6587301587301587 0.5727513227513228 0.6121031746031746 0.5 0.6001984126984127 0.4695767195767196 0.5902777777777778 0.4074074074074074 0.5952380952380952 0.376984126984127 0.6021825396825397 0.36243386243386244 0.6180555555555556 0.34656084656084657
0 0.5109126984126984 0.5542328042328042 0.5307539682539683 0.5555555555555556 0.5545634920634921 0.5727513227513228 0.5773809523809523 0.5978835978835979 0.5823412698412699 0.6190476190476191 0.5793650793650794 0.6455026455026455 0.5496031746031746 0.716931216931217 0.5376984126984127 0.7354497354497355 0.5238095238095238 0.7447089947089947 0.5 0.7367724867724867 0.4781746031746032 0.7116402116402116 0.46726190476190477 0.6812169312169312 0.46130952380952384 0.6296296296296297 0.4623015873015873 0.6005291005291006 0.47023809523809523 0.578042328042328 0.48313492063492064 0.5648148148148148
1 0.36408730158730157 0.6005291005291006 0.37103174603174605 0.6044973544973545 0.3759920634920635 0.6243386243386243 0.39880952380952384 0.6746031746031746 0.39880952380952384 0.6851851851851852 0.38492063492063494 0.7037037037037037 0.37103174603174605 0.7129629629629629 0.3541666666666667 0.7063492063492064 0.35119047619047616 0.6441798941798942 0.34325396825396826 0.6309523809523809 0.3392857142857143 0.6124338624338624 0.34226190476190477 0.6044973544973545 0.35615079365079366 0.6058201058201058
2 0.3898809523809524 0.42328042328042326 0.4107142857142857 0.4246031746031746 0.46130952380952384 0.44312169312169314 0.47619047619047616 0.45634920634920634 0.48412698412698413 0.48544973544973546 0.48313492063492064 0.5092592592592593 0.45337301587301587 0.6150793650793651 0.43452380952380953 0.6574074074074074 0.41865079365079366 0.671957671957672 0.39087301587301587 0.6574074074074074 0.376984126984127 0.6362433862433863 0.34226190476190477 0.5105820105820106 0.34226190476190477 0.4828042328042328 0.3531746031746032 0.45105820105820105 0.376984126984127 0.42857142857142855