0 0.6041666666666666 0.37037037037037035 0.621031746031746 0.37566137566137564 0.6369047619047619 0.4060846560846561 0.6587301587301587 0.4166666666666667 0.6636904761904762 0.42724867724867727 0.6636904761904762 0.4417989417989418 0.6597222222222222 0.44841269841269843 0.6329365079365079 0.44576719576719576 0.628968253968254 0.4537037037037037 0.628968253968254 0.4947089947089947 0.6378968253968254 0.5105820105820106 0.6527777777777778 0.5224867724867724 0.6498015873015873 0.5317460317460317 0.623015873015873 0.548941798941799 0.6140873015873016 0.5476190476190477 0.6061507936507936 0.5396825396825397 0.5873015873015873 0.48412698412698413 0.5803571428571429 0.4497354497354497 0.5843253968253969 0.39814814814814814 0.5902777777777778 0.38095238095238093
2 0.3521825396825397 0.5634920634920635 0.36507936507936506 0.5701058201058201 0.375 0.5833333333333334 0.38095238095238093 0.6071428571428571 0.3819444444444444 0.6335978835978836 0.375 0.6798941798941799 0.3621031746031746 0.7222222222222222 0.35119047619047616 0.7354497354497355 0.3392857142857143 0.7407407407407407 0.32837301587301587 0.7367724867724867 0.2847222222222222 0.6706349206349206 0.2728174603174603 0.6428571428571429 0.2708333333333333 0.6084656084656085 0.2777777777777778 0.5846560846560847 0.29365079365079366 0.5846560846560847 0.31646825396825395 0.5661375661375662 0.34523809523809523 0.5674603174603174
1 0.4146825396825397 0.3862433862433862 0.46924603174603174 0.3915343915343915 0.4771825396825397 0.3955026455026455 0.48412698412698413 0.41005291005291006 0.48313492063492064 0.44576719576719576 0.4722222222222222 0.49603174603174605 0.45535714285714285 0.5304232804232805 0.43253968253968256 0.548941798941799 0.4236111111111111 0.544973544973545 0.4126984126984127 0.5291005291005291 0.3998015873015873 0.4537037037037037 0.3978174603174603 0.41534391534391535 0.40476190476190477 0.3968253968253968
1 0.0625 0.414021164021164 0.09126984126984126 0.414021164021164 0.0992063492063492 0.4193121693121693 0.12202380952380952 0.46825396825396826 0.14186507936507936 0.4947089947089947 0.14087301587301587 0.5105820105820106 0.11805555555555555 0.5476190476190477 0.09623015873015874 0.5529100529100529 0.08035714285714286 0.5462962962962963 0.05853174603174603 0.5171957671957672 0.04861111111111111 0.49603174603174605 0.04861111111111111 0.44841269841269843
1 0.5138888888888888 0.17063492063492064 0.5307539682539683 0.17195767195767195 0.5367063492063492 0.17989417989417988 0.5436507936507936 0.21693121693121692 0.5436507936507936 0.23941798941798942 0.5386904761904762 0.2552910052910053 0.5307539682539683 0.2671957671957672 0.5208333333333334 0.2724867724867725 0.4742063492063492 0.2671957671957672 0.46924603174603174 0.25132275132275134 0.4861111111111111 0.1984126984126984 0.501984126984127 0.17724867724867724
1 0.5168650793650794 0.4007936507936508 0.5347222222222222 0.40343915343915343 0.5505952380952381 0.4298941798941799 0.5545634920634921 0.4497354497354497 0.5545634920634921 0.48412698412698413 0.5466269841269841 0.5 0.5248015873015873 0.49867724867724866 0.501984126984127 0.47619047619047616 0.5009920634920635 0.455026455026455 0.5148809523809523 0.43253968253968256 0.5138888888888888 0.40476190476190477
1 0.7212301587301587 0.5224867724867724 0.7599206349206349 0.5238095238095238 0.7708333333333334 0.5357142857142857 0.7748015873015873 0.5555555555555556 0.7748015873015873 0.5714285714285714 0.7648809523809523 0.6084656084656085 0.7371031746031746 0.671957671957672 0.7242063492063492 0.6798941798941799 0.7182539682539683 0.6785714285714286 0.691468253968254 0.6481481481481481 0.6785714285714286 0.578042328042328 0.6815476190476191 0.5317460317460317 0.6954365079365079 0.5251322751322751
1 0.8442460317460317 0.3425925925925926 0.8591269841269841 0.3439153439153439 0.8660714285714286 0.35185185185185186 0.8759920634920635 0.37566137566137564 0.8799603174603174 0.4021164021164021 0.8759920634920635 0.42724867724867727 0.8660714285714286 0.455026455026455 0.8492063492063492 0.47619047619047616 0.8273809523809523 0.4642857142857143 0.8045634920634921 0.42328042328042326 0.7956349206349206 0.3955026455026455 0.7956349206349206 0.376984126984127 0.8095238095238095 0.3531746031746032
1 0.7063492063492064 0.38095238095238093 0.7341269841269841 0.3888888888888889 0.7420634920634921 0.40476190476190477 0.7450396825396826 0.42328042328042326 0.7351190476190477 0.42724867724867727 0.7261904761904762 0.44841269841269843 0.7113095238095238 0.45634920634920634 0.6954365079365079 0.45634920634920634 0.685515873015873 0.43253968253968256 0.6845238095238095 0.4021164021164021 0.6934523809523809 0.3888888888888889
1 0.7212301587301587 0.05026455026455026 0.7331349206349206 0.051587301587301584 0.746031746031746 0.06613756613756613 0.753968253968254 0.08465608465608465 0.75 0.10449735449735449 0.7251984126984127 0.10714285714285714 0.7063492063492064 0.09126984126984126 0.7053571428571429 0.08465608465608465
1 0.9474206349206349 0.08597883597883597 0.9652777777777778 0.09259259259259259 0.9722222222222222 0.11375661375661375 0.9652777777777778 0.12698412698412698 0.9533730158730159 0.1335978835978836 0.9444444444444444 0.13095238095238096 0.9325396825396826 0.10582010582010581 0.9325396825396826 0.0992063492063492