1 0.439484126984127 0.42063492063492064 0.45535714285714285 0.42063492063492064 0.4712301587301587 0.43253968253968256 0.4781746031746032 0.4576719576719577 0.4791666666666667 0.4973544973544973 0.4871031746031746 0.5092592592592593 0.4801587301587302 0.5158730158730159 0.46924603174603174 0.5158730158730159 0.4652777777777778 0.5317460317460317 0.45337301587301587 0.5383597883597884 0.435515873015873 0.5634920634920635 0.4156746031746032 0.5687830687830688 0.40773809523809523 0.5608465608465608 0.4027777777777778 0.5436507936507936 0.4027777777777778 0.4669312169312169 0.4146825396825397 0.43386243386243384
1 0.5396825396825397 0.4087301587301587 0.5654761904761905 0.414021164021164 0.5863095238095238 0.4365079365079365 0.5982142857142857 0.44047619047619047 0.5972222222222222 0.48148148148148145 0.5922619047619048 0.48412698412698413 0.5892857142857143 0.4801587301587302 0.5833333333333334 0.458994708994709 0.5813492063492064 0.48412698412698413 0.5744047619047619 0.4973544973544973 0.5545634920634921 0.5079365079365079 0.5436507936507936 0.5079365079365079 0.5287698412698413 0.49867724867724866 0.5248015873015873 0.4933862433862434 0.5238095238095238 0.4246031746031746 0.5287698412698413 0.4126984126984127
1 0.5932539682539683 0.28174603174603174 0.621031746031746 0.294973544973545 0.6309523809523809 0.3148148148148148 0.6259920634920635 0.335978835978836 0.6150793650793651 0.3505291005291005 0.5962301587301587 0.3637566137566138 0.5773809523809523 0.35185185185185186 0.5684523809523809 0.335978835978836 0.5565476190476191 0.3306878306878307 0.5505952380952381 0.3201058201058201 0.5535714285714286 0.3134920634920635 0.5734126984126984 0.3082010582010582
1 0.6904761904761905 0.3373015873015873 0.7013888888888888 0.3425925925925926 0.7063492063492064 0.3611111111111111 0.7053571428571429 0.38095238095238093 0.6964285714285714 0.4007936507936508 0.6666666666666666 0.3862433862433862 0.6617063492063492 0.37566137566137564 0.6656746031746031 0.3558201058201058 0.6815476190476191 0.33994708994708994
1 0.6309523809523809 0.4193121693121693 0.6587301587301587 0.42592592592592593 0.6765873015873016 0.4470899470899471 0.6865079365079365 0.4894179894179894 0.683531746031746 0.5105820105820106 0.6775793650793651 0.5211640211640212 0.6547619047619048 0.5238095238095238 0.6329365079365079 0.5145502645502645 0.6041666666666666 0.47354497354497355 0.6031746031746031 0.4537037037037037 0.621031746031746 0.42592592592592593
1 0.8938492063492064 0.3002645502645503 0.9077380952380952 0.3055555555555556 0.9444444444444444 0.3055555555555556 0.9662698412698413 0.31746031746031744 0.9662698412698413 0.3386243386243386 0.9543650793650794 0.36772486772486773 0.9424603174603174 0.37962962962962965 0.939484126984127 0.39285714285714285 0.8958333333333334 0.3968253968253968 0.8849206349206349 0.39021164021164023 0.871031746031746 0.36904761904761907 0.8660714285714286 0.3492063492063492 0.8601190476190477 0.3412698412698413 0.8611111111111112 0.31746031746031744 0.8660714285714286 0.32671957671957674 0.873015873015873 0.328042328042328
1 0.9117063492063492 0.06613756613756613 0.9236111111111112 0.06746031746031746 0.9295634920634921 0.08465608465608465 0.9275793650793651 0.10052910052910052 0.9136904761904762 0.10846560846560846 0.9047619047619048 0.10582010582010581 0.8988095238095238 0.09126984126984126
1 0.7281746031746031 0.04497354497354497 0.7371031746031746 0.046296296296296294 0.7450396825396826 0.06481481481481481 0.7490079365079365 0.09523809523809523 0.7430555555555556 0.10582010582010581 0.7311507936507936 0.10846560846560846 0.6984126984126984 0.09391534391534391 0.6785714285714286 0.07539682539682539 0.6904761904761905 0.05555555555555555
1 0.17956349206349206 0.19576719576719576 0.19940476190476192 0.1970899470899471 0.20932539682539683 0.20502645502645503 0.21924603174603174 0.23412698412698413 0.21825396825396826 0.2552910052910053 0.2013888888888889 0.26455026455026454 0.18055555555555555 0.26455026455026454 0.15773809523809523 0.25 0.15376984126984128 0.24074074074074073 0.15674603174603174 0.21693121693121692
1 0.1498015873015873 0.11375661375661375 0.15773809523809523 0.1164021164021164 0.15773809523809523 0.12962962962962962 0.1378968253968254 0.14153439153439154 0.1378968253968254 0.12433862433862433
1 0.09821428571428571 0.29894179894179895 0.1111111111111111 0.3029100529100529 0.12202380952380952 0.31746031746031744 0.12996031746031747 0.3439153439153439 0.12003968253968254 0.3558201058201058 0.0992063492063492 0.3611111111111111 0.07539682539682539 0.3412698412698413 0.07242063492063493 0.32671957671957674 0.07837301587301587 0.31216931216931215 0.0882936507936508 0.30158730158730157
1 0.008928571428571428 0.291005291005291 0.0248015873015873 0.29894179894179895 0.031746031746031744 0.3134920634920635 0.031746031746031744 0.3544973544973545 0.013888888888888888 0.37433862433862436 0 0.36243386243386244 0 0.29365079365079366