1 0.314484126984127 0.2791005291005291 0.3244047619047619 0.2830687830687831 0.3353174603174603 0.3029100529100529 0.3353174603174603 0.3187830687830688 0.31746031746031744 0.3558201058201058 0.30257936507936506 0.3425925925925926 0.29365079365079366 0.31216931216931215 0.29662698412698413 0.294973544973545
1 0.04662698412698413 0.21693121693121692 0.05853174603174603 0.2208994708994709 0.0625 0.23148148148148148 0.057539682539682536 0.2791005291005291 0.050595238095238096 0.2962962962962963 0.047619047619047616 0.2896825396825397 0.03273809523809524 0.2830687830687831 0.018849206349206348 0.2552910052910053 0.01984126984126984 0.23544973544973544 0.02976190476190476 0.2222222222222222
1 0.010912698412698412 0.25793650793650796 0.025793650793650792 0.26322751322751325 0.040674603174603176 0.2804232804232804 0.05257936507936508 0.3148148148148148 0.05555555555555555 0.3306878306878307 0.03869047619047619 0.3584656084656085 0.023809523809523808 0.3584656084656085 0.011904761904761904 0.3505291005291005 0.003968253968253968 0.335978835978836 0.007936507936507936 0.3055555555555556 0.003968253968253968 0.2724867724867725
1 0.558531746031746 0.3029100529100529 0.5783730158730159 0.30687830687830686 0.5972222222222222 0.3386243386243386 0.5992063492063492 0.38095238095238093 0.5962301587301587 0.39021164021164023 0.5853174603174603 0.4007936507936508 0.5505952380952381 0.39814814814814814 0.5248015873015873 0.36772486772486773 0.5218253968253969 0.335978835978836 0.5267857142857143 0.31746031746031744 0.5357142857142857 0.30952380952380953
1 0.4146825396825397 0.12698412698412698 0.41964285714285715 0.12962962962962962 0.4384920634920635 0.16666666666666666 0.435515873015873 0.19047619047619047 0.42063492063492064 0.20634920634920634 0.4027777777777778 0.19973544973544974 0.39087301587301587 0.17989417989417988 0.36607142857142855 0.16534391534391535 0.3630952380952381 0.15476190476190477 0.36507936507936506 0.14153439153439154 0.375 0.13756613756613756 0.3819444444444444 0.15211640211640212 0.3948412698412698 0.15608465608465608 0.4037698412698413 0.13227513227513227
1 0.6180555555555556 0.10978835978835978 0.6220238095238095 0.10978835978835978 0.6408730158730159 0.13624338624338625 0.6438492063492064 0.16534391534391535 0.6359126984126984 0.17989417989417988 0.626984126984127 0.1865079365079365 0.6130952380952381 0.1931216931216931 0.5962301587301587 0.1917989417989418 0.5753968253968254 0.167989417989418 0.5714285714285714 0.15079365079365079 0.5773809523809523 0.13624338624338625 0.5882936507936508 0.12433862433862433
1 0.7440476190476191 0.19973544973544974 0.7698412698412699 0.19973544973544974 0.7996031746031746 0.21164021164021163 0.8055555555555556 0.22486772486772486 0.8025793650793651 0.24603174603174602 0.7906746031746031 0.2552910052910053 0.7599206349206349 0.25793650793650796 0.7073412698412699 0.25396825396825395 0.7023809523809523 0.24074074074074073 0.7053571428571429 0.21031746031746032 0.7152777777777778 0.20238095238095238
1 0.40575396825396826 0.4166666666666667 0.4166666666666667 0.421957671957672 0.42658730158730157 0.44047619047619047 0.4236111111111111 0.46825396825396826 0.40674603174603174 0.48148148148148145 0.39186507936507936 0.47354497354497355 0.38492063492063494 0.4576719576719577 0.3878968253968254 0.43915343915343913
1 0.5029761904761905 0.3955026455026455 0.5178571428571429 0.3968253968253968 0.5257936507936508 0.4074074074074074 0.5287698412698413 0.4417989417989418 0.5198412698412699 0.455026455026455 0.49603174603174605 0.4576719576719577 0.48115079365079366 0.44312169312169314 0.4851190476190476 0.4113756613756614
0 0.45337301587301587 0.34656084656084657 0.48115079365079366 0.3505291005291005 0.49603174603174605 0.3664021164021164 0.498015873015873 0.37433862433862436 0.4880952380952381 0.42328042328042326 0.4880952380952381 0.44047619047619047 0.49702380952380953 0.45634920634920634 0.49702380952380953 0.4669312169312169 0.4880952380952381 0.48677248677248675 0.4722222222222222 0.4973544973544973 0.45535714285714285 0.4933862433862434 0.44742063492063494 0.48544973544973546 0.42857142857142855 0.4417989417989418 0.42162698412698413 0.4126984126984127 0.42162698412698413 0.3835978835978836 0.4255952380952381 0.36772486772486773 0.4375 0.35185185185185186
0 0.376984126984127 0.3134920634920635 0.3878968253968254 0.3201058201058201 0.4027777777777778 0.3439153439153439 0.40476190476190477 0.37962962962962965 0.4017857142857143 0.4021164021164021 0.37896825396825395 0.4537037037037037 0.3630952380952381 0.46164021164021163 0.34226190476190477 0.458994708994709 0.3244047619047619 0.4312169312169312 0.314484126984127 0.3888888888888889 0.314484126984127 0.35978835978835977 0.33035714285714285 0.33994708994708994
0 0.8154761904761905 0 0.8263888888888888 0.037037037037037035 0.8422619047619048 0.051587301587301584 0.8740079365079365 0.051587301587301584 0.8829365079365079 0.042328042328042326 0.8799603174603174 0.01455026455026455 0.8720238095238095 0