1 0.6428571428571429 0.5912698412698413 0.6577380952380952 0.593915343915344 0.6706349206349206 0.6150793650793651 0.6924603174603174 0.5925925925925926 0.7073412698412699 0.593915343915344 0.7261904761904762 0.6084656084656085 0.7380952380952381 0.6322751322751323 0.7341269841269841 0.7037037037037037 0.7251984126984127 0.7407407407407407 0.6904761904761905 0.791005291005291 0.6706349206349206 0.8029100529100529 0.6537698412698413 0.8029100529100529 0.6398809523809523 0.7857142857142857 0.625 0.7076719576719577 0.6101190476190477 0.667989417989418 0.6140873015873016 0.6203703703703703 0.621031746031746 0.6084656084656085
1 0.49503968253968256 0.5886243386243386 0.5119047619047619 0.5925925925925926 0.5357142857142857 0.6203703703703703 0.5257936507936508 0.7063492063492064 0.5049603174603174 0.7301587301587301 0.49107142857142855 0.7301587301587301 0.48214285714285715 0.7222222222222222 0.4513888888888889 0.6746031746031746 0.44146825396825395 0.6481481481481481 0.44146825396825395 0.6335978835978836 0.4523809523809524 0.6164021164021164
1 0.6061507936507936 0.6150793650793651 0.6170634920634921 0.6164021164021164 0.6170634920634921 0.667989417989418 0.6299603174603174 0.7142857142857143 0.6259920634920635 0.7288359788359788 0.6071428571428571 0.7367724867724867 0.5882936507936508 0.7328042328042328 0.560515873015873 0.7142857142857143 0.5406746031746031 0.6865079365079365 0.5376984126984127 0.6746031746031746 0.5416666666666666 0.6494708994708994 0.5525793650793651 0.6335978835978836 0.5724206349206349 0.6309523809523809
1 0.7341269841269841 0.24338624338624337 0.7549603174603174 0.2526455026455027 0.7648809523809523 0.2751322751322751 0.7638888888888888 0.30687830687830686 0.751984126984127 0.32407407407407407 0.7351190476190477 0.32275132275132273 0.7182539682539683 0.30158730158730157 0.7261904761904762 0.25793650793650796
1 0.6418650793650794 0.4642857142857143 0.6567460317460317 0.46825396825396826 0.6617063492063492 0.48677248677248675 0.6557539682539683 0.541005291005291 0.6587301587301587 0.5687830687830688 0.6468253968253969 0.578042328042328 0.6388888888888888 0.5701058201058201 0.6398809523809523 0.544973544973545 0.6299603174603174 0.5198412698412699 0.6319444444444444 0.47354497354497355
1 0.9990079365079365 0.2923280423280423 1 0.4417989417989418 0.9910714285714286 0.4365079365079365 0.9702380952380952 0.3968253968253968 0.9652777777777778 0.36904761904761907 0.9702380952380952 0.32936507936507936 0.9910714285714286 0.3082010582010582
1 0.2708333333333333 0.3002645502645503 0.28174603174603174 0.3002645502645503 0.31646825396825395 0.31746031746031744 0.31547619047619047 0.3531746031746032 0.2986111111111111 0.3888888888888889 0.2906746031746032 0.4166666666666667 0.27976190476190477 0.43386243386243384 0.2400793650793651 0.4417989417989418 0.2261904761904762 0.43386243386243384 0.21924603174603174 0.42063492063492064 0.23214285714285715 0.31746031746031744 0.2400793650793651 0.30423280423280424
1 0.2628968253968254 0.1335978835978836 0.2876984126984127 0.1455026455026455 0.2906746031746032 0.16666666666666666 0.2857142857142857 0.18518518518518517 0.26785714285714285 0.21296296296296297 0.25396825396825395 0.25396825396825395 0.25595238095238093 0.2671957671957672 0.251984126984127 0.26851851851851855 0.25297619047619047 0.25396825396825395 0.23115079365079366 0.23015873015873015 0.2251984126984127 0.21428571428571427 0.22420634920634921 0.19576719576719576 0.23511904761904762 0.1574074074074074
1 0.30257936507936506 0.013227513227513227 0.3125 0.023809523809523808 0.30456349206349204 0.03968253968253968 0.29365079365079366 0.031746031746031744 0.29464285714285715 0.022486772486772486
1 0 0 0 0.017195767195767195 0.01984126984126984 0.037037037037037035 0.021825396825396824 0.05423280423280423 0.026785714285714284 0.06084656084656084 0.0496031746031746 0.01455026455026455 0.050595238095238096 0
0 0.3273809523809524 0.08333333333333333 0.3343253968253968 0.08597883597883597 0.3273809523809524 0.15608465608465608 0.3373015873015873 0.1917989417989418 0.38095238095238093 0.2552910052910053 0.32936507936507936 0.2843915343915344 0.3055555555555556 0.28835978835978837 0.2976190476190476 0.27645502645502645 0.29563492063492064 0.22883597883597884 0.2867063492063492 0.1931216931216931 0.2876984126984127 0.1693121693121693 0.2996031746031746 0.11375661375661375 0.3134920634920635 0.09126984126984126
2 0.8452380952380952 0.49603174603174605 0.9196428571428571 0.49603174603174605 0.9325396825396826 0.5 0.9503968253968254 0.5145502645502645 0.9603174603174603 0.5436507936507936 0.9563492063492064 0.5846560846560847 0.9265873015873016 0.6494708994708994 0.9087301587301587 0.7222222222222222 0.8978174603174603 0.7407407407407407 0.8878968253968254 0.7473544973544973 0.8700396825396826 0.7420634920634921 0.8581349206349206 0.7235449735449735 0.8402777777777778 0.6574074074074074 0.8065476190476191 0.5701058201058201 0.8065476190476191 0.5436507936507936 0.8194444444444444 0.5119047619047619
2 0.4781746031746032 0.4708994708994709 0.4930555555555556 0.4801587301587302 0.498015873015873 0.49074074074074076 0.503968253968254 0.5224867724867724 0.501984126984127 0.5423280423280423 0.48908730158730157 0.5714285714285714 0.44841269841269843 0.6256613756613757 0.435515873015873 0.6375661375661376 0.41865079365079366 0.6362433862433863 0.40476190476190477 0.6124338624338624 0.3819444444444444 0.544973544973545 0.37896825396825395 0.5317460317460317 0.38095238095238093 0.4933862433862434 0.39087301587301587 0.47619047619047616 0.3968253968253968 0.47354497354497355 0.4375 0.4722222222222222 0.46924603174603174 0.4801587301587302
2 0.6011904761904762 0.3941798941798942 0.6339285714285714 0.3941798941798942 0.6507936507936508 0.4007936507936508 0.6567460317460317 0.4166666666666667 0.6557539682539683 0.44576719576719576 0.6488095238095238 0.4523809523809524 0.625 0.458994708994709 0.6081349206349206 0.4933862433862434 0.6081349206349206 0.5198412698412699 0.6180555555555556 0.5582010582010583 0.6170634920634921 0.5687830687830688 0.5773809523809523 0.578042328042328 0.5684523809523809 0.5727513227513228 0.5456349206349206 0.5264550264550265 0.5386904761904762 0.4947089947089947 0.5406746031746031 0.4470899470899471 0.5466269841269841 0.4246031746031746 0.5575396825396826 0.41005291005291006
2 0.7688492063492064 0.5343915343915344 0.7936507936507936 0.541005291005291 0.7946428571428571 0.5555555555555556 0.7797619047619048 0.5714285714285714 0.7748015873015873 0.6097883597883598 0.7638888888888888 0.6335978835978836 0.7589285714285714 0.6402116402116402 0.7470238095238095 0.6415343915343915 0.7351190476190477 0.6203703703703703 0.7053571428571429 0.5886243386243386 0.7033730158730159 0.5806878306878307 0.7162698412698413 0.5608465608465608 0.7192460317460317 0.541005291005291 0.7380952380952381 0.5462962962962963