1 0.5674603174603174 0.3862433862433862 0.5992063492063492 0.39021164021164023 0.6101190476190477 0.4021164021164021 0.6160714285714286 0.4193121693121693 0.6170634920634921 0.45105820105820105 0.6130952380952381 0.4695767195767196 0.5992063492063492 0.49206349206349204 0.5853174603174603 0.503968253968254 0.5615079365079365 0.4933862433862434 0.5565476190476191 0.48148148148148145 0.5476190476190477 0.47619047619047616 0.5426587301587301 0.4603174603174603 0.5466269841269841 0.40476190476190477 0.5535714285714286 0.39285714285714285
1 0.5535714285714286 0.5013227513227513 0.5982142857142857 0.5211640211640212 0.6091269841269841 0.5529100529100529 0.6031746031746031 0.6190476190476191 0.5922619047619048 0.66005291005291 0.5823412698412699 0.6693121693121693 0.5694444444444444 0.667989417989418 0.5595238095238095 0.6574074074074074 0.5357142857142857 0.6071428571428571 0.5248015873015873 0.5687830687830688 0.5238095238095238 0.541005291005291 0.5287698412698413 0.5211640211640212 0.5416666666666666 0.5066137566137566
1 0.6716269841269841 0.4880952380952381 0.6865079365079365 0.4880952380952381 0.7103174603174603 0.5013227513227513 0.7202380952380952 0.5515873015873016 0.7172619047619048 0.5714285714285714 0.6934523809523809 0.5740740740740741 0.6329365079365079 0.5555555555555556 0.6388888888888888 0.5304232804232805 0.6398809523809523 0.503968253968254
1 0.4384920634920635 0.5621693121693122 0.45436507936507936 0.5621693121693122 0.4652777777777778 0.5846560846560847 0.4791666666666667 0.5965608465608465 0.4652777777777778 0.6177248677248677 0.45634920634920634 0.6428571428571429 0.4166666666666667 0.6521164021164021 0.4017857142857143 0.6150793650793651 0.4007936507936508 0.593915343915344 0.4176587301587302 0.5634920634920635 0.43154761904761907 0.5661375661375662
1 0.24107142857142858 0.5317460317460317 0.24702380952380953 0.5436507936507936 0.25297619047619047 0.5753968253968254 0.2638888888888889 0.5714285714285714 0.26686507936507936 0.5476190476190477 0.28869047619047616 0.544973544973545 0.2896825396825397 0.5502645502645502 0.28174603174603174 0.5608465608465608 0.28174603174603174 0.5727513227513228 0.2976190476190476 0.5965608465608465 0.2867063492063492 0.6084656084656085 0.26884920634920634 0.6164021164021164 0.24702380952380953 0.6164021164021164 0.22916666666666666 0.626984126984127 0.21626984126984128 0.623015873015873 0.1974206349206349 0.5753968253968254 0.17956349206349206 0.5555555555555556 0.19543650793650794 0.5502645502645502 0.20238095238095238 0.5423280423280423 0.23511904761904762 0.541005291005291
1 0.20238095238095238 0.32142857142857145 0.21825396825396826 0.3253968253968254 0.23313492063492064 0.34656084656084657 0.23511904761904762 0.38227513227513227 0.22916666666666666 0.4021164021164021 0.20535714285714285 0.41798941798941797 0.1884920634920635 0.41798941798941797 0.15873015873015872 0.4007936507936508 0.15376984126984128 0.3941798941798942 0.15079365079365079 0.376984126984127 0.16071428571428573 0.3478835978835979 0.1884920634920635 0.3253968253968254
1 0.12400793650793651 0.32936507936507936 0.12996031746031747 0.3306878306878307 0.14484126984126985 0.35185185185185186 0.14781746031746032 0.37433862433862436 0.14484126984126985 0.3915343915343915 0.13392857142857142 0.4021164021164021 0.12797619047619047 0.4166666666666667 0.12400793650793651 0.4166666666666667 0.1130952380952381 0.3994708994708995 0.10615079365079365 0.3716931216931217 0.1130952380952381 0.34523809523809523
1 0.011904761904761904 0.22486772486772486 0.017857142857142856 0.2275132275132275 0.01984126984126984 0.24206349206349206 0.013888888888888888 0.24735449735449735 0.002976190476190476 0.24603174603174602 0 0.24074074074074073
1 0.00992063492063492 0.1917989417989418 0.023809523809523808 0.19444444444444445 0.027777777777777776 0.20238095238095238 0.025793650793650792 0.20899470899470898 0.013888888888888888 0.2156084656084656 0.000992063492063492 0.21031746031746032 0 0.1984126984126984
1 0.011904761904761904 0.07407407407407407 0.027777777777777776 0.07671957671957672 0.051587301587301584 0.10317460317460317 0.05853174603174603 0.1455026455026455 0.051587301587301584 0.167989417989418 0.031746031746031744 0.18783068783068782 0.025793650793650792 0.19973544973544974 0.018849206349206348 0.20238095238095238 0.018849206349206348 0.2156084656084656 0.028769841269841268 0.24735449735449735 0.025793650793650792 0.2791005291005291 0.015873015873015872 0.2923280423280423 0 0.2962962962962963 0 0.08068783068783068
1 0.27380952380952384 0.23677248677248677 0.2916666666666667 0.23941798941798942 0.29365079365079366 0.2552910052910053 0.2638888888888889 0.27645502645502645 0.25892857142857145 0.2671957671957672 0.25793650793650796 0.2526455026455027 0.2648809523809524 0.24074074074074073
1 0.6180555555555556 0.15211640211640212 0.626984126984127 0.16534391534391535 0.6259920634920635 0.17989417989417988 0.6339285714285714 0.2222222222222222 0.6339285714285714 0.24206349206349206 0.623015873015873 0.25132275132275134 0.5803571428571429 0.23148148148148148 0.560515873015873 0.20634920634920634 0.5634920634920635 0.1970899470899471 0.5982142857142857 0.17724867724867724
1 0.7202380952380952 0.18783068783068782 0.7341269841269841 0.18915343915343916 0.7440476190476191 0.1970899470899471 0.7559523809523809 0.21031746031746032 0.7599206349206349 0.22354497354497355 0.7490079365079365 0.24867724867724866 0.7232142857142857 0.26587301587301587 0.7123015873015873 0.2605820105820106 0.7043650793650794 0.2328042328042328 0.7043650793650794 0.2037037037037037
1 0.7678571428571429 0.2804232804232804 0.7767857142857143 0.28703703703703703 0.7718253968253969 0.3055555555555556 0.7628968253968254 0.3148148148148148 0.746031746031746 0.32142857142857145 0.7420634920634921 0.3029100529100529 0.7470238095238095 0.291005291005291