0 0.5416666666666666 0.4365079365079365 0.5773809523809523 0.44047619047619047 0.5882936507936508 0.44841269841269843 0.5952380952380952 0.4642857142857143 0.5912698412698413 0.5621693121693122 0.5823412698412699 0.5859788359788359 0.5714285714285714 0.5992063492063492 0.5525793650793651 0.5912698412698413 0.5337301587301587 0.5555555555555556 0.5148809523809523 0.5317460317460317 0.5079365079365079 0.5052910052910053 0.5069444444444444 0.48412698412698413 0.5119047619047619 0.46296296296296297 0.5257936507936508 0.44576719576719576
1 0.628968253968254 0.4365079365079365 0.6517857142857143 0.4470899470899471 0.6716269841269841 0.4748677248677249 0.6815476190476191 0.5105820105820106 0.6805555555555556 0.5304232804232805 0.6716269841269841 0.544973544973545 0.6607142857142857 0.5502645502645502 0.6428571428571429 0.548941798941799 0.6001984126984127 0.5185185185185185 0.5982142857142857 0.4973544973544973 0.6021825396825397 0.458994708994709 0.6150793650793651 0.44047619047619047
1 0.6775793650793651 0.1917989417989418 0.7123015873015873 0.19444444444444445 0.7192460317460317 0.20105820105820105 0.7202380952380952 0.2156084656084656 0.6994047619047619 0.24338624338624337 0.6875 0.24206349206349206 0.6746031746031746 0.21825396825396826 0.6736111111111112 0.19444444444444445
1 0.7678571428571429 0.1388888888888889 0.8382936507936508 0.14947089947089948 0.8432539682539683 0.16005291005291006 0.8402777777777778 0.19444444444444445 0.8224206349206349 0.21164021164021163 0.810515873015873 0.20899470899470898 0.7738095238095238 0.18121693121693122 0.746031746031746 0.19444444444444445 0.7420634920634921 0.18253968253968253 0.7331349206349206 0.1746031746031746 0.7341269841269841 0.16005291005291006 0.7450396825396826 0.14814814814814814
1 0.9603174603174603 0.24074074074074073 0.9722222222222222 0.2447089947089947 0.9761904761904762 0.2552910052910053 0.9632936507936508 0.2777777777777778 0.9503968253968254 0.2830687830687831 0.9434523809523809 0.2804232804232804 0.9384920634920635 0.27116402116402116 0.939484126984127 0.2526455026455027
1 0.6408730158730159 0 0.6815476190476191 0.0026455026455026454 0.689484126984127 0.013227513227513227 0.6884920634920635 0.02513227513227513 0.6597222222222222 0.04365079365079365 0.6240079365079365 0.03835978835978836 0.625 0.027777777777777776 0.6359126984126984 0.01984126984126984
1 0.43253968253968256 0.43386243386243384 0.47023809523809523 0.44047619047619047 0.4751984126984127 0.45105820105820105 0.4742063492063492 0.4722222222222222 0.4632936507936508 0.5013227513227513 0.44742063492063494 0.5238095238095238 0.43353174603174605 0.5317460317460317 0.4156746031746032 0.5317460317460317 0.4087301587301587 0.5224867724867724 0.4087301587301587 0.458994708994709 0.4146825396825397 0.44047619047619047
1 0.49206349206349204 0.49603174603174605 0.498015873015873 0.4973544973544973 0.5119047619047619 0.5291005291005291 0.5059523809523809 0.5582010582010583 0.49503968253968256 0.5674603174603174 0.48908730158730157 0.5648148148148148 0.4801587301587302 0.5476190476190477 0.48412698412698413 0.5145502645502645
1 0.40575396825396826 0.4642857142857143 0.4156746031746032 0.49867724867724866 0.4305555555555556 0.5132275132275133 0.4305555555555556 0.5185185185185185 0.39285714285714285 0.5224867724867724 0.38492063492063494 0.5277777777777778 0.36904761904761907 0.5238095238095238 0.36607142857142855 0.5185185185185185 0.36904761904761907 0.5026455026455027 0.3759920634920635 0.49603174603174605 0.39285714285714285 0.49603174603174605 0.3998015873015873 0.48677248677248675
1 0.14186507936507936 0.2261904761904762 0.15476190476190477 0.2261904761904762 0.1775793650793651 0.23677248677248677 0.18551587301587302 0.24735449735449735 0.1884920634920635 0.26587301587301587 0.17857142857142858 0.28174603174603174 0.1349206349206349 0.30952380952380953 0.13095238095238096 0.30423280423280424 0.14087301587301587 0.291005291005291 0.11011904761904762 0.2698412698412698 0.10813492063492064 0.2605820105820106 0.11210317460317461 0.24074074074074073 0.1259920634920635 0.23941798941798942
1 0.2251984126984127 0.18783068783068782 0.2371031746031746 0.19444444444444445 0.23809523809523808 0.21693121693121692 0.22916666666666666 0.23148148148148148 0.2123015873015873 0.23412698412698413 0.20337301587301587 0.2261904761904762 0.20238095238095238 0.2156084656084656 0.21428571428571427 0.1931216931216931
1 0.0248015873015873 0.45634920634920634 0.03968253968253968 0.4642857142857143 0.047619047619047616 0.47619047619047616 0.047619047619047616 0.48677248677248675 0.03869047619047619 0.5 0.0248015873015873 0.5013227513227513 0.01488095238095238 0.48677248677248675 0.013888888888888888 0.47883597883597884