0 0.8432539682539683 0.39285714285714285 0.8581349206349206 0.39285714285714285 0.873015873015873 0.4007936507936508 0.8998015873015873 0.44047619047619047 0.9057539682539683 0.4669312169312169 0.9027777777777778 0.49603174603174605 0.8888888888888888 0.5423280423280423 0.875 0.6349206349206349 0.8640873015873016 0.6547619047619048 0.8501984126984127 0.6640211640211641 0.8323412698412699 0.6574074074074074 0.8224206349206349 0.6441798941798942 0.7956349206349206 0.548941798941799 0.7966269841269841 0.5370370370370371 0.814484126984127 0.5238095238095238 0.8214285714285714 0.5079365079365079 0.814484126984127 0.48412698412698413 0.8204365079365079 0.4312169312169312 0.8313492063492064 0.40343915343915343
1 0.7926587301587301 0.31746031746031744 0.8095238095238095 0.32671957671957674 0.8234126984126984 0.3439153439153439 0.8343253968253969 0.36772486772486773 0.8373015873015873 0.39285714285714285 0.8234126984126984 0.44312169312169314 0.816468253968254 0.5092592592592593 0.8095238095238095 0.5198412698412699 0.7847222222222222 0.5238095238095238 0.7609126984126984 0.5079365079365079 0.7410714285714286 0.4708994708994709 0.7182539682539683 0.41798941798941797 0.7123015873015873 0.36772486772486773 0.7212301587301587 0.3425925925925926 0.7420634920634921 0.3253968253968254 0.7599206349206349 0.3187830687830688
1 0.7093253968253969 0.47883597883597884 0.7728174603174603 0.5171957671957672 0.7777777777777778 0.5277777777777778 0.7777777777777778 0.5396825396825397 0.7638888888888888 0.5701058201058201 0.7242063492063492 0.6256613756613757 0.7013888888888888 0.6441798941798942 0.6825396825396826 0.6455026455026455 0.6696428571428571 0.623015873015873 0.6706349206349206 0.5912698412698413 0.6775793650793651 0.5595238095238095 0.689484126984127 0.5502645502645502 0.6984126984126984 0.533068783068783
1 0.6428571428571429 0.3373015873015873 0.6994047619047619 0.3531746031746032 0.7093253968253969 0.36772486772486773 0.7142857142857143 0.3888888888888889 0.7162698412698413 0.43386243386243384 0.7033730158730159 0.5238095238095238 0.6964285714285714 0.5436507936507936 0.683531746031746 0.5568783068783069 0.6676587301587301 0.5568783068783069 0.6557539682539683 0.5462962962962963 0.5992063492063492 0.421957671957672 0.5992063492063492 0.3955026455026455 0.6121031746031746 0.36507936507936506 0.6299603174603174 0.3439153439153439
1 0.6428571428571429 0.13624338624338625 0.6607142857142857 0.1388888888888889 0.6775793650793651 0.14947089947089948 0.7023809523809523 0.18518518518518517 0.7202380952380952 0.25132275132275134 0.7192460317460317 0.27645502645502645 0.7073412698412699 0.2962962962962963 0.6904761904761905 0.30158730158730157 0.6666666666666666 0.29894179894179895 0.625 0.28174603174603174 0.6111111111111112 0.2698412698412698 0.621031746031746 0.23015873015873015 0.6051587301587301 0.21693121693121692 0.6041666666666666 0.20105820105820105 0.6180555555555556 0.15476190476190477 0.6259920634920635 0.14417989417989419
1 0.5694444444444444 0.2698412698412698 0.5932539682539683 0.2777777777777778 0.6091269841269841 0.30423280423280424 0.6101190476190477 0.3201058201058201 0.6011904761904762 0.33994708994708994 0.6031746031746031 0.36772486772486773 0.5783730158730159 0.4060846560846561 0.5565476190476191 0.42328042328042326 0.5426587301587301 0.42724867724867727 0.5307539682539683 0.4193121693121693 0.5267857142857143 0.4087301587301587 0.5218253968253969 0.3637566137566138 0.5238095238095238 0.3544973544973545 0.5357142857142857 0.3412698412698413 0.5307539682539683 0.31216931216931215 0.5367063492063492 0.2923280423280423 0.5496031746031746 0.2791005291005291
1 0.4791666666666667 0.2896825396825397 0.49603174603174605 0.29365079365079366 0.5099206349206349 0.3082010582010582 0.5188492063492064 0.3373015873015873 0.5178571428571429 0.3531746031746032 0.5119047619047619 0.37037037037037035 0.4880952380952381 0.3968253968253968 0.4801587301587302 0.4007936507936508 0.45634920634920634 0.39814814814814814 0.44642857142857145 0.38227513227513227 0.4513888888888889 0.31613756613756616 0.4593253968253968 0.29894179894179895
1 0.4007936507936508 0.21296296296296297 0.4166666666666667 0.21428571428571427 0.439484126984127 0.23544973544973544 0.45337301587301587 0.25396825396825395 0.4652777777777778 0.291005291005291 0.43253968253968256 0.31613756613756616 0.4156746031746032 0.31216931216931215 0.39087301587301587 0.29365079365079366 0.3869047619047619 0.25396825396825395 0.37896825396825395 0.23941798941798942 0.39285714285714285 0.21693121693121692
1 0.3343253968253968 0.32142857142857145 0.3492063492063492 0.32142857142857145 0.3621031746031746 0.328042328042328 0.38293650793650796 0.3544973544973545 0.3888888888888889 0.37566137566137564 0.3878968253968254 0.4087301587301587 0.3740079365079365 0.4656084656084656 0.3611111111111111 0.49206349206349204 0.3462301587301587 0.5 0.32837301587301587 0.4973544973544973 0.3055555555555556 0.4775132275132275 0.2986111111111111 0.43386243386243384 0.30158730158730157 0.35714285714285715 0.3115079365079365 0.33465608465608465
1 0.25992063492063494 0.46825396825396826 0.2906746031746032 0.4695767195767196 0.30654761904761907 0.47883597883597884 0.32142857142857145 0.4973544973544973 0.3273809523809524 0.5198412698412699 0.3244047619047619 0.5555555555555556 0.2986111111111111 0.6494708994708994 0.28174603174603174 0.6798941798941799 0.2708333333333333 0.6851851851851852 0.25496031746031744 0.6838624338624338 0.24404761904761904 0.6732804232804233 0.21428571428571427 0.541005291005291 0.2222222222222222 0.4894179894179894 0.2390873015873016 0.4722222222222222
1 0.1527777777777778 0.4973544973544973 0.17162698412698413 0.49867724867724866 0.19047619047619047 0.5119047619047619 0.2003968253968254 0.5317460317460317 0.2003968253968254 0.5582010582010583 0.18055555555555555 0.5925925925925926 0.15575396825396826 0.6044973544973545 0.12996031746031747 0.6044973544973545 0.12301587301587301 0.5965608465608465 0.12202380952380952 0.5806878306878307
1 0.2638888888888889 0 0.28273809523809523 0.006613756613756613 0.2976190476190476 0.026455026455026454 0.2906746031746032 0.0291005291005291 0.28075396825396826 0.04894179894179894 0.2638888888888889 0.047619047619047616 0.25496031746031744 0.03968253968253968 0.2569444444444444 0.009259259259259259