1 0.5515873015873016 0.3134920634920635 0.560515873015873 0.3148148148148148 0.5853174603174603 0.33994708994708994 0.5892857142857143 0.3664021164021164 0.5873015873015873 0.3915343915343915 0.5763888888888888 0.42328042328042326 0.5625 0.4351851851851852 0.5505952380952381 0.43386243386243384 0.5267857142857143 0.42063492063492064 0.5138888888888888 0.4060846560846561 0.5099206349206349 0.39021164021164023 0.5089285714285714 0.35185185185185186 0.5128968253968254 0.3412698412698413
1 0.7619047619047619 0.2619047619047619 0.7847222222222222 0.26455026455026454 0.816468253968254 0.2896825396825397 0.8263888888888888 0.3148148148148148 0.8253968253968254 0.3306878306878307 0.8174603174603174 0.3584656084656085 0.7996031746031746 0.38227513227513227 0.7450396825396826 0.39285714285714285 0.7132936507936508 0.3478835978835979 0.7053571428571429 0.32671957671957674 0.7033730158730159 0.3029100529100529 0.7361111111111112 0.2751322751322751
1 0.808531746031746 0.18518518518518517 0.8224206349206349 0.18783068783068782 0.8323412698412699 0.19576719576719576 0.8432539682539683 0.21957671957671956 0.8422619047619048 0.25396825396825395 0.8253968253968254 0.29894179894179895 0.8184523809523809 0.2976190476190476 0.7787698412698413 0.25793650793650796 0.7728174603174603 0.24338624338624337 0.7767857142857143 0.2222222222222222 0.7886904761904762 0.19973544973544974 0.7976190476190477 0.18915343915343916
1 0.3343253968253968 0.3888888888888889 0.34325396825396826 0.3888888888888889 0.3611111111111111 0.3994708994708995 0.3740079365079365 0.42592592592592593 0.373015873015873 0.4708994708994709 0.36507936507936506 0.49603174603174605 0.35615079365079366 0.5079365079365079 0.3244047619047619 0.5013227513227513 0.30456349206349204 0.4880952380952381 0.29365079365079366 0.4695767195767196 0.2986111111111111 0.4113756613756614 0.31547619047619047 0.3941798941798942
1 0.26686507936507936 0.29365079365079366 0.2787698412698413 0.29365079365079366 0.29464285714285715 0.30158730158730157 0.30257936507936506 0.32407407407407407 0.32341269841269843 0.33994708994708994 0.3125 0.36243386243386244 0.310515873015873 0.3915343915343915 0.30357142857142855 0.3994708994708995 0.26587301587301587 0.4021164021164021 0.24702380952380953 0.373015873015873 0.24801587301587302 0.33994708994708994 0.2628968253968254 0.31746031746031744
1 0.11904761904761904 0.1970899470899471 0.16765873015873015 0.1970899470899471 0.18055555555555555 0.20238095238095238 0.19047619047619047 0.2156084656084656 0.19642857142857142 0.23544973544973544 0.1974206349206349 0.2804232804232804 0.19146825396825398 0.30952380952380953 0.18253968253968253 0.32407407407407407 0.16765873015873015 0.33465608465608465 0.15178571428571427 0.33465608465608465 0.11706349206349206 0.3253968253968254 0.10515873015873016 0.30952380952380953 0.09623015873015874 0.2724867724867725 0.09523809523809523 0.23941798941798942 0.10218253968253968 0.20502645502645503
1 0.13392857142857142 0.0873015873015873 0.14186507936507936 0.08862433862433862 0.1388888888888889 0.10052910052910052 0.125 0.10846560846560846 0.12301587301587301 0.09656084656084656
2 0.48908730158730157 0.44312169312169314 0.5119047619047619 0.44312169312169314 0.5307539682539683 0.4497354497354497 0.5535714285714286 0.47619047619047616 0.558531746031746 0.4880952380952381 0.5634920634920635 0.5105820105820106 0.560515873015873 0.5436507936507936 0.5505952380952381 0.5793650793650794 0.5307539682539683 0.6071428571428571 0.5099206349206349 0.6084656084656085 0.48908730158730157 0.5965608465608465 0.4662698412698413 0.5661375661375662 0.45436507936507936 0.5383597883597884 0.44841269841269843 0.5119047619047619 0.4513888888888889 0.4708994708994709 0.4662698412698413 0.4537037037037037
2 0.6309523809523809 0.3478835978835979 0.6567460317460317 0.35714285714285715 0.6706349206349206 0.3955026455026455 0.6726190476190477 0.4417989417989418 0.6617063492063492 0.4603174603174603 0.6488095238095238 0.4669312169312169 0.6071428571428571 0.458994708994709 0.5932539682539683 0.44841269841269843 0.5853174603174603 0.43253968253968256 0.5902777777777778 0.41534391534391535 0.6071428571428571 0.40476190476190477 0.5992063492063492 0.3941798941798942 0.5992063492063492 0.36904761904761907 0.6170634920634921 0.3531746031746032
0 0.047619047619047616 0.2526455026455027 0.08035714285714286 0.2605820105820106 0.09523809523809523 0.27645502645502645 0.10119047619047619 0.291005291005291 0.10317460317460317 0.34523809523809523 0.09027777777777778 0.36772486772486773 0.0763888888888889 0.3783068783068783 0.04365079365079365 0.37433862433862436 0.030753968253968252 0.36243386243386244 0.011904761904761904 0.3029100529100529 0.00992063492063492 0.2777777777777778 0.012896825396825396 0.26851851851851855 0.01984126984126984 0.2605820105820106
0 0.2113095238095238 0.04365079365079365 0.2261904761904762 0.04365079365079365 0.23412698412698413 0.05026455026455026 0.22817460317460317 0.09126984126984126 0.24305555555555555 0.11772486772486772 0.24206349206349206 0.12698412698412698 0.2261904761904762 0.15079365079365079 0.22123015873015872 0.15211640211640212 0.20337301587301587 0.15211640211640212 0.1884920634920635 0.14153439153439154 0.16170634920634921 0.10582010582010581 0.15376984126984128 0.08068783068783068 0.15773809523809523 0.06481481481481481 0.16468253968253968 0.0582010582010582 0.1884920634920635 0.05555555555555555