0 0.5009920634920635 0.40343915343915343 0.5188492063492064 0.4060846560846561 0.5466269841269841 0.42592592592592593 0.5535714285714286 0.5052910052910053 0.5416666666666666 0.5132275132275133 0.5367063492063492 0.5238095238095238 0.5317460317460317 0.5701058201058201 0.5009920634920635 0.5978835978835979 0.5 0.6097883597883598 0.5079365079365079 0.6296296296296297 0.5099206349206349 0.6494708994708994 0.5 0.6825396825396826 0.4791666666666667 0.7103174603174603 0.46924603174603174 0.7156084656084656 0.4583333333333333 0.7142857142857143 0.439484126984127 0.6838624338624338 0.42658730158730157 0.6203703703703703 0.42063492063492064 0.5648148148148148 0.42162698412698413 0.5105820105820106 0.4305555555555556 0.4708994708994709 0.44246031746031744 0.4417989417989418 0.46130952380952384 0.4246031746031746
1 0.5863095238095238 0.578042328042328 0.5952380952380952 0.578042328042328 0.6091269841269841 0.5978835978835979 0.6200396825396826 0.6309523809523809 0.6220238095238095 0.6521164021164021 0.6130952380952381 0.7473544973544973 0.6071428571428571 0.7658730158730159 0.5962301587301587 0.7738095238095238 0.5744047619047619 0.7671957671957672 0.5525793650793651 0.7420634920634921 0.5396825396825397 0.716931216931217 0.5257936507936508 0.6613756613756614 0.5297619047619048 0.6322751322751323 0.5376984126984127 0.6177248677248677
1 0.7549603174603174 0.4894179894179894 0.7847222222222222 0.49206349206349204 0.7996031746031746 0.503968253968254 0.8095238095238095 0.5224867724867724 0.8194444444444444 0.5555555555555556 0.8234126984126984 0.6177248677248677 0.8184523809523809 0.6455026455026455 0.8035714285714286 0.671957671957672 0.7847222222222222 0.6838624338624338 0.7698412698412699 0.6838624338624338 0.75 0.6706349206349206 0.7172619047619048 0.626984126984127 0.7023809523809523 0.5965608465608465 0.7003968253968254 0.5542328042328042 0.7103174603174603 0.5198412698412699 0.7192460317460317 0.5066137566137566
1 0.0248015873015873 0.4603174603174603 0.051587301587301584 0.46296296296296297 0.08432539682539683 0.47883597883597884 0.10317460317460317 0.5066137566137566 0.10813492063492064 0.5304232804232805 0.10615079365079365 0.5621693121693122 0.08333333333333333 0.6164021164021164 0.05853174603174603 0.6547619047619048 0.03968253968253968 0.6759259259259259 0.027777777777777776 0.6812169312169312 0.011904761904761904 0.6772486772486772 0 0.6613756613756614 0 0.48148148148148145
1 0.023809523809523808 0.2923280423280423 0.05257936507936508 0.2962962962962963 0.06746031746031746 0.30423280423280424 0.07837301587301587 0.32407407407407407 0.08333333333333333 0.3664021164021164 0.0763888888888889 0.3941798941798942 0.050595238095238096 0.4298941798941799 0.027777777777777776 0.44312169312169314 0.010912698412698412 0.44312169312169314 0 0.43783068783068785 0 0.2962962962962963
1 0.2648809523809524 0.3134920634920635 0.2718253968253968 0.31746031746031744 0.2767857142857143 0.34523809523809523 0.2857142857142857 0.3584656084656085 0.2906746031746032 0.37962962962962965 0.31646825396825395 0.3835978835978836 0.3194444444444444 0.3888888888888889 0.31646825396825395 0.4060846560846561 0.30257936507936506 0.43253968253968256 0.28075396825396826 0.46296296296296297 0.2698412698412698 0.4695767195767196 0.25297619047619047 0.4669312169312169 0.24107142857142858 0.44576719576719576 0.23015873015873015 0.3505291005291005 0.2261904761904762 0.3412698412698413 0.22817460317460317 0.328042328042328
1 0.2003968253968254 0.18253968253968253 0.21726190476190477 0.18783068783068782 0.23809523809523808 0.2156084656084656 0.2361111111111111 0.22883597883597884 0.22321428571428573 0.24867724867724866 0.20238095238095238 0.26851851851851855 0.19642857142857142 0.26587301587301587 0.1974206349206349 0.25132275132275134 0.19047619047619047 0.22883597883597884 0.19146825396825398 0.19973544973544974
1 0.28869047619047616 0.24735449735449735 0.3373015873015873 0.2605820105820106 0.35615079365079366 0.2605820105820106 0.36408730158730157 0.2671957671957672 0.3630952380952381 0.2804232804232804 0.35714285714285715 0.2896825396825397 0.3462301587301587 0.294973544973545 0.31845238095238093 0.29365079365079366 0.2996031746031746 0.2843915343915344 0.2876984126984127 0.27116402116402116 0.2837301587301587 0.25132275132275134
1 0.42857142857142855 0.06878306878306878 0.4851190476190476 0.08333333333333333 0.49107142857142855 0.09126984126984126 0.49603174603174605 0.1164021164021164 0.49007936507936506 0.1388888888888889 0.45436507936507936 0.1746031746031746 0.44246031746031744 0.18253968253968253 0.42063492063492064 0.18518518518518517 0.4037698412698413 0.1626984126984127 0.3948412698412698 0.12698412698412698 0.40476190476190477 0.0873015873015873 0.4156746031746032 0.07275132275132275
2 0.6557539682539683 0.5026455026455027 0.6607142857142857 0.503968253968254 0.6597222222222222 0.5198412698412699 0.6736111111111112 0.5436507936507936 0.6755952380952381 0.582010582010582 0.683531746031746 0.5886243386243386 0.6984126984126984 0.5873015873015873 0.7192460317460317 0.6283068783068783 0.7628968253968254 0.6838624338624338 0.7559523809523809 0.7592592592592593 0.7450396825396826 0.7751322751322751 0.7232142857142857 0.7764550264550265 0.7043650793650794 0.7592592592592593 0.6547619047619048 0.6653439153439153 0.628968253968254 0.6018518518518519 0.625 0.582010582010582 0.625 0.544973544973545 0.628968253968254 0.5291005291005291 0.6438492063492064 0.5079365079365079
2 0.44047619047619047 0.2857142857142857 0.4583333333333333 0.291005291005291 0.4851190476190476 0.328042328042328 0.4880952380952381 0.33994708994708994 0.4851190476190476 0.3558201058201058 0.44047619047619047 0.4365079365079365 0.40773809523809523 0.458994708994709 0.3898809523809524 0.4576719576719577 0.3740079365079365 0.44576719576719576 0.36904761904761907 0.43386243386243384 0.37003968253968256 0.3915343915343915 0.38392857142857145 0.3425925925925926 0.38392857142857145 0.31746031746031744 0.39087301587301587 0.30952380952380953 0.40674603174603174 0.3055555555555556 0.41865079365079366 0.32275132275132273 0.42956349206349204 0.31084656084656087 0.43452380952380953 0.2923280423280423