1 0.45634920634920634 0.4074074074074074 0.46924603174603174 0.4087301587301587 0.4742063492063492 0.4166666666666667 0.4742063492063492 0.44312169312169314 0.4623015873015873 0.4537037037037037 0.44543650793650796 0.4497354497354497 0.439484126984127 0.43783068783068785 0.44146825396825395 0.41798941798941797
1 0.46726190476190477 0.2896825396825397 0.4771825396825397 0.2923280423280423 0.5009920634920635 0.31746031746031744 0.4712301587301587 0.3306878306878307 0.45535714285714285 0.3253968253968254 0.44841269841269843 0.31746031746031744 0.4494047619047619 0.3055555555555556
1 0.5912698412698413 0.4497354497354497 0.6279761904761905 0.455026455026455 0.6359126984126984 0.49603174603174605 0.6240079365079365 0.5211640211640212 0.6031746031746031 0.548941798941799 0.5962301587301587 0.5542328042328042 0.5823412698412699 0.5542328042328042 0.5744047619047619 0.544973544973545 0.5724206349206349 0.5277777777777778 0.5595238095238095 0.5052910052910053 0.560515873015873 0.4894179894179894 0.566468253968254 0.4642857142857143 0.5773809523809523 0.4537037037037037
1 0.7281746031746031 0.5171957671957672 0.7678571428571429 0.5211640211640212 0.7857142857142857 0.5317460317460317 0.8015873015873016 0.5595238095238095 0.8025793650793651 0.5859788359788359 0.7886904761904762 0.6203703703703703 0.7490079365079365 0.6746031746031746 0.7351190476190477 0.6865079365079365 0.7182539682539683 0.6878306878306878 0.7073412698412699 0.6812169312169312 0.7013888888888888 0.6693121693121693 0.6974206349206349 0.5727513227513228 0.7063492063492064 0.5370370370370371 0.7162698412698413 0.5224867724867724
1 0.6934523809523809 0.3862433862433862 0.7093253968253969 0.39021164021164023 0.7192460317460317 0.4060846560846561 0.7202380952380952 0.4312169312169312 0.7093253968253969 0.4497354497354497 0.6775793650793651 0.4298941798941799 0.6785714285714286 0.3955026455026455
1 0.7807539682539683 0.33465608465608465 0.7867063492063492 0.33465608465608465 0.8015873015873016 0.3478835978835979 0.8075396825396826 0.3637566137566138 0.8045634920634921 0.3955026455026455 0.7896825396825397 0.40476190476190477 0.7708333333333334 0.39814814814814814 0.7619047619047619 0.37962962962962965 0.7638888888888888 0.3505291005291005
1 0.8482142857142857 0.291005291005291 0.8720238095238095 0.2976190476190476 0.8839285714285714 0.3134920634920635 0.8908730158730159 0.3478835978835979 0.8878968253968254 0.3611111111111111 0.878968253968254 0.373015873015873 0.8482142857142857 0.37566137566137564 0.8373015873015873 0.37037037037037035 0.8313492063492064 0.3611111111111111 0.8263888888888888 0.3412698412698413 0.8273809523809523 0.3187830687830688 0.8333333333333334 0.30423280423280424
1 0.9057539682539683 0.6574074074074074 0.9126984126984127 0.6574074074074074 0.9166666666666666 0.6640211640211641 0.9176587301587301 0.7156084656084656 0.9126984126984127 0.7275132275132276 0.8908730158730159 0.7275132275132276 0.8640873015873016 0.705026455026455 0.8333333333333334 0.708994708994709 0.8283730158730159 0.6997354497354498 0.8283730158730159 0.6944444444444444 0.8482142857142857 0.667989417989418 0.8640873015873016 0.6693121693121693
2 0.8293650793650794 0.4933862433862434 0.8501984126984127 0.49867724867724866 0.8650793650793651 0.5185185185185185 0.8740079365079365 0.5568783068783069 0.8680555555555556 0.6111111111111112 0.8531746031746031 0.6283068783068783 0.8432539682539683 0.6322751322751323 0.8214285714285714 0.626984126984127 0.8035714285714286 0.5992063492063492 0.8115079365079365 0.5648148148148148 0.8244047619047619 0.5568783068783069 0.8244047619047619 0.5423280423280423 0.816468253968254 0.5238095238095238 0.816468253968254 0.503968253968254
2 0.7083333333333334 0.4642857142857143 0.7142857142857143 0.4695767195767196 0.7132936507936508 0.5092592592592593 0.7192460317460317 0.5171957671957672 0.7083333333333334 0.5502645502645502 0.6884920634920635 0.5767195767195767 0.6785714285714286 0.5833333333333334 0.6537698412698413 0.5833333333333334 0.6378968253968254 0.5542328042328042 0.6369047619047619 0.503968253968254 0.6448412698412699 0.49603174603174605 0.6607142857142857 0.49603174603174605 0.6944444444444444 0.4828042328042328
2 0.5327380952380952 0.4947089947089947 0.5704365079365079 0.5171957671957672 0.5793650793650794 0.5476190476190477 0.5932539682539683 0.5595238095238095 0.5922619047619048 0.5727513227513228 0.5773809523809523 0.6031746031746031 0.5555555555555556 0.6243386243386243 0.5416666666666666 0.6243386243386243 0.5257936507936508 0.6097883597883598 0.5158730158730159 0.5701058201058201 0.5168650793650794 0.5291005291005291 0.5248015873015873 0.503968253968254
2 0.46726190476190477 0.21693121693121692 0.4990079365079365 0.2261904761904762 0.5248015873015873 0.24603174603174602 0.5347222222222222 0.29894179894179895 0.5277777777777778 0.3201058201058201 0.5198412698412699 0.3253968253968254 0.5059523809523809 0.3253968253968254 0.4990079365079365 0.31746031746031744 0.49206349206349204 0.291005291005291 0.4851190476190476 0.29365079365079366 0.48412698412698413 0.3055555555555556 0.4801587301587302 0.3082010582010582 0.46825396825396826 0.2671957671957672 0.4503968253968254 0.25925925925925924 0.44742063492063494 0.24074074074074073 0.4513888888888889 0.23015873015873015
2 0.3402777777777778 0.33994708994708994 0.36507936507936506 0.3412698412698413 0.38095238095238093 0.35185185185185186 0.39087301587301587 0.36772486772486773 0.39285714285714285 0.38756613756613756 0.3878968253968254 0.41798941798941797 0.375 0.44576719576719576 0.3501984126984127 0.47354497354497355 0.3273809523809524 0.47619047619047616 0.3125 0.4669312169312169 0.2986111111111111 0.4444444444444444 0.2896825396825397 0.4126984126984127 0.28869047619047616 0.39021164021164023 0.30257936507936506 0.3558201058201058
2 0.9990079365079365 0.42328042328042326 1 0.5132275132275133 0.9821428571428571 0.4708994708994709 0.9851190476190477 0.4470899470899471