1 0.49107142857142855 0.4087301587301587 0.5069444444444444 0.41534391534391535 0.5238095238095238 0.43915343915343913 0.5297619047619048 0.455026455026455 0.5337301587301587 0.47883597883597884 0.5327380952380952 0.503968253968254 0.5198412698412699 0.5317460317460317 0.4871031746031746 0.5264550264550265 0.46924603174603174 0.5145502645502645 0.4583333333333333 0.5 0.45337301587301587 0.48148148148148145 0.45634920634920634 0.44047619047619047 0.4623015873015873 0.42592592592592593
1 0.45634920634920634 0.5105820105820106 0.4712301587301587 0.5119047619047619 0.48908730158730157 0.5224867724867724 0.49107142857142855 0.5357142857142857 0.48214285714285715 0.5582010582010583 0.4662698412698413 0.5634920634920635 0.4523809523809524 0.5502645502645502 0.44543650793650796 0.5211640211640212
1 0.2777777777777778 0.3915343915343915 0.2857142857142857 0.39814814814814814 0.2976190476190476 0.4246031746031746 0.2996031746031746 0.4576719576719577 0.29563492063492064 0.4669312169312169 0.2777777777777778 0.48544973544973546 0.24404761904761904 0.49074074074074076 0.22916666666666666 0.48677248677248675 0.2251984126984127 0.48148148148148145 0.22420634920634921 0.46296296296296297 0.23115079365079366 0.4298941798941799
1 0.1488095238095238 0.15079365079365079 0.18452380952380953 0.17328042328042328 0.20932539682539683 0.21031746031746032 0.20734126984126985 0.23412698412698413 0.1765873015873016 0.2605820105820106 0.16468253968253968 0.2619047619047619 0.14285714285714285 0.2526455026455027 0.12698412698412698 0.23677248677248677 0.1001984126984127 0.24206349206349206 0.09523809523809523 0.2328042328042328 0.09623015873015874 0.2275132275132275 0.11507936507936507 0.2208994708994709 0.12103174603174603 0.16534391534391535 0.12797619047619047 0.1574074074074074
1 0.7361111111111112 0.010582010582010581 0.746031746031746 0.010582010582010581 0.7609126984126984 0.023809523809523808 0.7748015873015873 0.027777777777777776 0.7767857142857143 0.03835978835978836 0.748015873015873 0.04894179894179894 0.7212301587301587 0.07407407407407407 0.7093253968253969 0.07804232804232804 0.7003968253968254 0.07407407407407407 0.6944444444444444 0.06481481481481481 0.6884920634920635 0.03835978835978836 0.691468253968254 0.023809523809523808 0.7063492063492064 0.013227513227513227
1 0.6924603174603174 0.33465608465608465 0.7083333333333334 0.33994708994708994 0.7172619047619048 0.35714285714285715 0.7242063492063492 0.38492063492063494 0.7242063492063492 0.3968253968253968 0.7192460317460317 0.4074074074074074 0.6825396825396826 0.4166666666666667 0.6706349206349206 0.4126984126984127 0.6587301587301587 0.3968253968253968 0.6418650793650794 0.3968253968253968 0.626984126984127 0.38492063492063494 0.6259920634920635 0.3783068783068783 0.6428571428571429 0.35978835978835977 0.6488095238095238 0.34656084656084657 0.6597222222222222 0.3425925925925926 0.6716269841269841 0.3492063492063492
1 0.8898809523809523 0.2605820105820106 0.9017857142857143 0.26322751322751325 0.9047619047619048 0.28174603174603174 0.8998015873015873 0.28835978835978837 0.8829365079365079 0.2923280423280423 0.875 0.2843915343915344 0.8740079365079365 0.27645502645502645
0 0.5843253968253969 0.4497354497354497 0.6071428571428571 0.4497354497354497 0.6121031746031746 0.455026455026455 0.6121031746031746 0.5119047619047619 0.6031746031746031 0.5502645502645502 0.5902777777777778 0.5767195767195767 0.5744047619047619 0.5925925925925926 0.558531746031746 0.5965608465608465 0.5426587301587301 0.5727513227513228 0.5376984126984127 0.5568783068783069 0.5357142857142857 0.4973544973544973 0.5396825396825397 0.4801587301587302 0.5515873015873016 0.4642857142857143
0 0.7609126984126984 0.15211640211640212 0.7837301587301587 0.16005291005291006 0.8095238095238095 0.16137566137566137 0.8224206349206349 0.17328042328042328 0.8343253968253969 0.2261904761904762 0.8323412698412699 0.2791005291005291 0.816468253968254 0.2843915343915344 0.7896825396825397 0.28174603174603174 0.7648809523809523 0.2751322751322751 0.7509920634920635 0.26455026455026454 0.7390873015873016 0.23148148148148148 0.7390873015873016 0.21164021164021163 0.7529761904761905 0.164021164021164
0 0.6488095238095238 0.11772486772486772 0.6696428571428571 0.11904761904761904 0.6775793650793651 0.12962962962962962 0.685515873015873 0.17195767195767195 0.6726190476190477 0.19047619047619047 0.6587301587301587 0.1970899470899471 0.6319444444444444 0.19973544973544974 0.6101190476190477 0.18121693121693122 0.5724206349206349 0.18783068783068782 0.5634920634920635 0.18518518518518517 0.560515873015873 0.164021164021164 0.5793650793650794 0.15343915343915343 0.5833333333333334 0.1402116402116402
0 0.5922619047619048 0.03968253968253968 0.6031746031746031 0.047619047619047616 0.6091269841269841 0.06481481481481481 0.5833333333333334 0.07804232804232804 0.5714285714285714 0.07671957671957672 0.5714285714285714 0.06349206349206349