1 0.21924603174603174 0.23015873015873015 0.23115079365079366 0.23015873015873015 0.26785714285714285 0.25396825396825395 0.2718253968253968 0.26587301587301587 0.2718253968253968 0.29365079365079366 0.2648809523809524 0.31746031746031744 0.2390873015873016 0.3505291005291005 0.2251984126984127 0.3492063492063492 0.20238095238095238 0.33201058201058203 0.19345238095238096 0.3187830687830688 0.18948412698412698 0.30158730158730157 0.1884920634920635 0.26851851851851855 0.19146825396825398 0.25925925925925924 0.20238095238095238 0.23941798941798942
1 0.19940476190476192 0.4113756613756614 0.20634920634920634 0.414021164021164 0.22420634920634921 0.4444444444444444 0.22321428571428573 0.48544973544973546 0.22718253968253968 0.49603174603174605 0.21626984126984128 0.503968253968254 0.20734126984126985 0.4947089947089947 0.18253968253968253 0.48544973544973546 0.16765873015873015 0.46296296296296297 0.16765873015873015 0.4444444444444444 0.17261904761904762 0.4312169312169312 0.1875 0.414021164021164
1 0.4384920634920635 0.26322751322751325 0.44642857142857145 0.26455026455026454 0.4494047619047619 0.27380952380952384 0.4742063492063492 0.2923280423280423 0.48214285714285715 0.3425925925925926 0.4751984126984127 0.3558201058201058 0.4662698412698413 0.36243386243386244 0.42063492063492064 0.38095238095238093 0.40575396825396826 0.37962962962962965 0.3978174603174603 0.36904761904761907 0.39880952380952384 0.3425925925925926 0.41964285714285715 0.29894179894179895 0.44047619047619047 0.2791005291005291
1 0.3948412698412698 0.047619047619047616 0.41865079365079366 0.05026455026455026 0.43154761904761907 0.06613756613756613 0.43253968253968256 0.07936507936507936 0.4166666666666667 0.11904761904761904 0.40476190476190477 0.13095238095238096 0.36408730158730157 0.12962962962962962 0.3531746031746032 0.12433862433862433 0.3492063492063492 0.11243386243386243 0.35119047619047616 0.07804232804232804 0.35615079365079366 0.06084656084656084 0.36706349206349204 0.05026455026455026
1 0.46825396825396826 0.414021164021164 0.4990079365079365 0.4166666666666667 0.5218253968253969 0.4523809523809524 0.5 0.5304232804232805 0.48908730158730157 0.5423280423280423 0.4662698412698413 0.5396825396825397 0.4503968253968254 0.49603174603174605 0.44642857142857145 0.4470899470899471 0.45634920634920634 0.42592592592592593
1 0.5307539682539683 0.44841269841269843 0.5426587301587301 0.4537037037037037 0.5376984126984127 0.49603174603174605 0.5436507936507936 0.5092592592592593 0.5595238095238095 0.5185185185185185 0.560515873015873 0.5357142857142857 0.5575396825396826 0.544973544973545 0.5406746031746031 0.5634920634920635 0.5248015873015873 0.5714285714285714 0.5128968253968254 0.5714285714285714 0.498015873015873 0.5582010582010583 0.49503968253968256 0.541005291005291 0.5119047619047619 0.5079365079365079 0.5198412698412699 0.46296296296296297
1 0.566468253968254 0.5740740740740741 0.5734126984126984 0.5793650793650794 0.5793650793650794 0.6031746031746031 0.5952380952380952 0.6349206349206349 0.6101190476190477 0.6362433862433863 0.6170634920634921 0.6283068783068783 0.6240079365079365 0.6283068783068783 0.6220238095238095 0.6455026455026455 0.6051587301587301 0.667989417989418 0.5922619047619048 0.671957671957672 0.5763888888888888 0.6574074074074074 0.5625 0.6124338624338624 0.5615079365079365 0.5833333333333334
1 0.7708333333333334 0.5714285714285714 0.7867063492063492 0.578042328042328 0.7946428571428571 0.593915343915344 0.7966269841269841 0.6097883597883598 0.7867063492063492 0.6322751322751323 0.7569444444444444 0.6375661375661376 0.7470238095238095 0.6203703703703703 0.7470238095238095 0.5978835978835979 0.753968253968254 0.5846560846560847
0 0.32242063492063494 0.11772486772486772 0.3462301587301587 0.12037037037037036 0.38392857142857145 0.1335978835978836 0.3968253968253968 0.14947089947089948 0.3978174603174603 0.167989417989418 0.3819444444444444 0.1970899470899471 0.3492063492063492 0.2222222222222222 0.2916666666666667 0.23015873015873015 0.2757936507936508 0.1865079365079365 0.2748015873015873 0.14947089947089948 0.2847222222222222 0.1335978835978836 0.30456349206349204 0.12169312169312169
0 0.7063492063492064 0.421957671957672 0.7351190476190477 0.4246031746031746 0.7380952380952381 0.42857142857142855 0.7361111111111112 0.4669312169312169 0.7569444444444444 0.5555555555555556 0.753968253968254 0.5753968253968254 0.7410714285714286 0.6071428571428571 0.7271825396825397 0.6296296296296297 0.7123015873015873 0.6375661375661376 0.7053571428571429 0.6349206349206349 0.6587301587301587 0.5701058201058201 0.6676587301587301 0.533068783068783 0.6686507936507936 0.503968253968254 0.6587301587301587 0.4523809523809524 0.6527777777777778 0.44312169312169314
0 0.6299603174603174 0.43915343915343913 0.6537698412698413 0.4497354497354497 0.6617063492063492 0.46164021164021163 0.6686507936507936 0.503968253968254 0.6646825396825397 0.5436507936507936 0.6577380952380952 0.5727513227513228 0.6478174603174603 0.593915343915344 0.6200396825396826 0.6283068783068783 0.6071428571428571 0.6375661375661376 0.5942460317460317 0.6375661375661376 0.5793650793650794 0.6177248677248677 0.5724206349206349 0.5965608465608465 0.564484126984127 0.5462962962962963 0.5654761904761905 0.5171957671957672 0.5744047619047619 0.4973544973544973 0.5942460317460317 0.4722222222222222 0.6190476190476191 0.44312169312169314