1 0.4375 0.4523809523809524 0.45634920634920634 0.4523809523809524 0.4662698412698413 0.458994708994709 0.4871031746031746 0.49206349206349204 0.49107142857142855 0.5211640211640212 0.48115079365079366 0.5661375661375662 0.4652777777777778 0.5952380952380952 0.4632936507936508 0.6084656084656085 0.44146825396825395 0.6296296296296297 0.42857142857142855 0.6309523809523809 0.4176587301587302 0.6203703703703703 0.4126984126984127 0.6071428571428571 0.39880952380952384 0.5211640211640212 0.3978174603174603 0.4933862433862434 0.4126984126984127 0.45634920634920634
1 0.27380952380952384 0.5542328042328042 0.32142857142857145 0.5727513227513228 0.36607142857142855 0.5714285714285714 0.3740079365079365 0.5793650793650794 0.37797619047619047 0.593915343915344 0.3521825396825397 0.6521164021164021 0.3382936507936508 0.6706349206349206 0.3263888888888889 0.6970899470899471 0.30456349206349204 0.7195767195767195 0.2876984126984127 0.716931216931217 0.2757936507936508 0.6944444444444444 0.26091269841269843 0.5992063492063492 0.2628968253968254 0.5648148148148148
1 0.5287698412698413 0.5992063492063492 0.5724206349206349 0.6005291005291006 0.5793650793650794 0.6071428571428571 0.5704365079365079 0.6917989417989417 0.560515873015873 0.705026455026455 0.5426587301587301 0.701058201058201 0.5138888888888888 0.6534391534391535 0.5138888888888888 0.6097883597883598 0.5168650793650794 0.6031746031746031
1 0.7926587301587301 0.5753968253968254 0.8035714285714286 0.582010582010582 0.808531746031746 0.5978835978835979 0.810515873015873 0.6481481481481481 0.8015873015873016 0.667989417989418 0.7827380952380952 0.6706349206349206 0.7628968253968254 0.6613756613756614 0.7440476190476191 0.6322751322751323 0.7390873015873016 0.6084656084656085 0.7430555555555556 0.5952380952380952 0.75 0.5886243386243386
1 0.8561507936507936 0.533068783068783 0.8849206349206349 0.5542328042328042 0.8908730158730159 0.5674603174603174 0.8888888888888888 0.5978835978835979 0.875 0.6322751322751323 0.8640873015873016 0.6388888888888888 0.8472222222222222 0.6309523809523809 0.816468253968254 0.5952380952380952 0.8313492063492064 0.5634920634920635
1 0.9990079365079365 0.3029100529100529 1 0.4880952380952381 0.9890873015873016 0.5 0.9791666666666666 0.5 0.9593253968253969 0.48677248677248675 0.9484126984126984 0.4656084656084656 0.9285714285714286 0.4113756613756614 0.9265873015873016 0.37433862433862436 0.9305555555555556 0.3544973544973545 0.939484126984127 0.3373015873015873 0.9791666666666666 0.30952380952380953
1 0.9226190476190477 0 0.9573412698412699 0 0.9702380952380952 0.011904761904761904 0.9484126984126984 0.07671957671957672 0.9424603174603174 0.10052910052910052 0.941468253968254 0.12962962962962962 0.935515873015873 0.14417989417989419 0.9236111111111112 0.14285714285714285 0.9087301587301587 0.10846560846560846 0.9067460317460317 0.03835978835978836
0 0.3948412698412698 0.5992063492063492 0.4166666666666667 0.6031746031746031 0.4305555555555556 0.6322751322751323 0.44047619047619047 0.6296296296296297 0.4503968253968254 0.6150793650793651 0.4662698412698413 0.6031746031746031 0.5 0.6137566137566137 0.5089285714285714 0.6296296296296297 0.5148809523809523 0.6706349206349206 0.5128968253968254 0.705026455026455 0.5009920634920635 0.7328042328042328 0.4732142857142857 0.7777777777777778 0.45535714285714285 0.794973544973545 0.439484126984127 0.798941798941799 0.42658730158730157 0.7923280423280423 0.3888888888888889 0.6891534391534392 0.3819444444444444 0.6388888888888888 0.38492063492063494 0.6084656084656085
0 0.6577380952380952 0.5661375661375662 0.6795634920634921 0.5687830687830688 0.6954365079365079 0.5767195767195767 0.7152777777777778 0.5727513227513228 0.7232142857142857 0.5846560846560847 0.7212301587301587 0.6335978835978836 0.7162698412698413 0.66005291005291 0.691468253968254 0.7288359788359788 0.685515873015873 0.7380952380952381 0.6746031746031746 0.7433862433862434 0.6646825396825397 0.7394179894179894 0.6557539682539683 0.7235449735449735 0.6200396825396826 0.6216931216931217 0.6200396825396826 0.6031746031746031 0.626984126984127 0.5740740740740741 0.6329365079365079 0.5687830687830688
2 0.3878968253968254 0.2526455026455027 0.4166666666666667 0.25925925925925924 0.44246031746031744 0.28835978835978837 0.4593253968253968 0.32936507936507936 0.4632936507936508 0.37962962962962965 0.45436507936507936 0.4060846560846561 0.439484126984127 0.4246031746031746 0.37996031746031744 0.46164021164021163 0.36408730158730157 0.4642857142857143 0.3501984126984127 0.4576719576719577 0.3392857142857143 0.44047619047619047 0.3373015873015873 0.37962962962962965 0.3462301587301587 0.3134920634920635 0.3551587301587302 0.2830687830687831 0.3680555555555556 0.26322751322751325
2 0.1498015873015873 0.08465608465608465 0.1736111111111111 0.10052910052910052 0.18948412698412698 0.12037037037037036 0.22718253968253968 0.1402116402116402 0.20337301587301587 0.25396825396825395 0.1974206349206349 0.2671957671957672 0.18055555555555555 0.2751322751322751 0.16567460317460317 0.26587301587301587 0.15178571428571427 0.21296296296296297 0.125 0.17724867724867724 0.1349206349206349 0.12433862433862433
2 0.006944444444444444 0.4973544973544973 0.01488095238095238 0.49867724867724866 0.027777777777777776 0.5158730158730159 0.03869047619047619 0.544973544973545 0.03869047619047619 0.5608465608465608 0.03373015873015873 0.5833333333333334 0.0248015873015873 0.5978835978835979 0.011904761904761904 0.6124338624338624 0 0.6164021164021164 0 0.49867724867724866