1 0.3392857142857143 0.5595238095238095 0.37896825396825395 0.5674603174603174 0.39186507936507936 0.5859788359788359 0.3998015873015873 0.6071428571428571 0.39880952380952384 0.6349206349206349 0.3869047619047619 0.6838624338624338 0.36904761904761907 0.7288359788359788 0.3541666666666667 0.7433862433862434 0.3392857142857143 0.7407407407407407 0.3263888888888889 0.7248677248677249 0.30456349206349204 0.6335978835978836 0.30456349206349204 0.6071428571428571 0.310515873015873 0.578042328042328 0.32043650793650796 0.5648148148148148
1 0.40575396825396826 0.4669312169312169 0.4255952380952381 0.4708994708994709 0.44146825396825395 0.5052910052910053 0.46726190476190477 0.5 0.4722222222222222 0.5079365079365079 0.47619047619047616 0.5370370370370371 0.4732142857142857 0.5661375661375662 0.4503968253968254 0.6058201058201058 0.43253968253968256 0.6190476190476191 0.41865079365079366 0.6203703703703703 0.4017857142857143 0.6097883597883598 0.38492063492063494 0.5674603174603174 0.38392857142857145 0.5158730158730159 0.3878968253968254 0.4828042328042328 0.39285714285714285 0.4722222222222222
1 0.4662698412698413 0.39021164021164023 0.48412698412698413 0.39021164021164023 0.49603174603174605 0.39814814814814814 0.501984126984127 0.4087301587301587 0.4990079365079365 0.44312169312169314 0.4880952380952381 0.458994708994709 0.4583333333333333 0.458994708994709 0.44742063492063494 0.4444444444444444 0.44642857142857145 0.41005291005291006
1 0.5575396825396826 0.38227513227513227 0.5734126984126984 0.3835978835978836 0.5942460317460317 0.4021164021164021 0.6031746031746031 0.41798941798941797 0.6031746031746031 0.44047619047619047 0.5763888888888888 0.455026455026455 0.5535714285714286 0.45105820105820105 0.5476190476190477 0.4417989417989418 0.5446428571428571 0.4246031746031746 0.5486111111111112 0.39814814814814814
1 0.6567460317460317 0.2698412698412698 0.6934523809523809 0.27645502645502645 0.7380952380952381 0.30158730158730157 0.75 0.32407407407407407 0.7470238095238095 0.3439153439153439 0.7331349206349206 0.3584656084656085 0.7093253968253969 0.36772486772486773 0.6557539682539683 0.373015873015873 0.6319444444444444 0.328042328042328 0.6259920634920635 0.2896825396825397 0.6408730158730159 0.27380952380952384
1 0.691468253968254 0.12301587301587301 0.7103174603174603 0.12433862433862433 0.7420634920634921 0.15343915343915343 0.7430555555555556 0.1693121693121693 0.7291666666666666 0.20767195767195767 0.7063492063492064 0.21164021164021163 0.6646825396825397 0.20238095238095238 0.6706349206349206 0.1865079365079365 0.6746031746031746 0.14814814814814814 0.6815476190476191 0.13095238095238096
1 0.6329365079365079 0.09523809523809523 0.6468253968253969 0.10317460317460317 0.6458333333333334 0.12037037037037036 0.6349206349206349 0.1388888888888889 0.6160714285714286 0.1164021164021164 0.6220238095238095 0.10185185185185185
1 0.21428571428571427 0.07142857142857142 0.22718253968253968 0.07407407407407407 0.23214285714285715 0.09391534391534391 0.21626984126984128 0.12433862433862433 0.2003968253968254 0.1335978835978836 0.19246031746031747 0.11243386243386243
0 0.21031746031746032 0.41534391534391535 0.23015873015873015 0.421957671957672 0.25 0.4470899470899471 0.25793650793650796 0.4708994708994709 0.25892857142857145 0.503968253968254 0.24801587301587302 0.5687830687830688 0.2390873015873016 0.593915343915344 0.2261904761904762 0.6111111111111112 0.20337301587301587 0.6177248677248677 0.18551587301587302 0.6071428571428571 0.16964285714285715 0.5833333333333334 0.14583333333333334 0.5198412698412699 0.14087301587301587 0.4669312169312169 0.14682539682539683 0.45105820105820105 0.16666666666666666 0.42724867724867727
0 0.5535714285714286 0.2619047619047619 0.5972222222222222 0.26455026455026454 0.6140873015873016 0.27116402116402116 0.625 0.2843915343915344 0.6418650793650794 0.3439153439153439 0.6557539682539683 0.3637566137566138 0.6666666666666666 0.39021164021164023 0.6706349206349206 0.44576719576719576 0.6646825396825397 0.455026455026455 0.6507936507936508 0.4603174603174603 0.6140873015873016 0.455026455026455 0.6071428571428571 0.4444444444444444 0.6061507936507936 0.42857142857142855 0.5962301587301587 0.4007936507936508 0.5753968253968254 0.38227513227513227 0.5734126984126984 0.36772486772486773 0.5575396825396826 0.36507936507936506 0.5436507936507936 0.3558201058201058 0.5317460317460317 0.32936507936507936 0.5287698412698413 0.29894179894179895 0.5376984126984127 0.2724867724867725
2 0.5426587301587301 0.4775132275132275 0.5565476190476191 0.4801587301587302 0.5714285714285714 0.49074074074074076 0.5744047619047619 0.5079365079365079 0.5476190476190477 0.5767195767195767 0.5347222222222222 0.5886243386243386 0.5178571428571429 0.58994708994709 0.503968253968254 0.5793650793650794 0.48908730158730157 0.5568783068783069 0.4662698412698413 0.5052910052910053 0.48214285714285715 0.5079365079365079 0.5 0.4973544973544973 0.5228174603174603 0.5