2 0.39087301587301587 0.19973544973544974 0.4007936507936508 0.2037037037037037 0.42857142857142855 0.24074074074074073 0.4732142857142857 0.27645502645502645 0.48313492063492064 0.2923280423280423 0.4593253968253968 0.3029100529100529 0.42757936507936506 0.30158730158730157 0.4097222222222222 0.2896825396825397 0.3878968253968254 0.2830687830687831 0.37202380952380953 0.27116402116402116 0.36706349206349204 0.2619047619047619 0.3551587301587302 0.2566137566137566 0.35912698412698413 0.24074074074074073
2 0.19940476190476192 0.21031746031746032 0.2400793650793651 0.21296296296296297 0.26587301587301587 0.23677248677248677 0.2718253968253968 0.25 0.26785714285714285 0.25925925925925924 0.22718253968253968 0.2619047619047619 0.21924603174603174 0.26851851851851855 0.21726190476190477 0.29894179894179895 0.19940476190476192 0.31746031746031744 0.20238095238095238 0.32936507936507936 0.2152777777777778 0.3412698412698413 0.21428571428571427 0.3492063492063492 0.19047619047619047 0.3439153439153439 0.18055555555555555 0.3333333333333333 0.17063492063492064 0.31613756613756616 0.1636904761904762 0.2857142857142857 0.1636904761904762 0.26322751322751325 0.16964285714285715 0.23941798941798942 0.18353174603174602 0.21957671957671956
0 0.7609126984126984 0.6005291005291006 0.7837301587301587 0.6031746031746031 0.808531746031746 0.6177248677248677 0.8253968253968254 0.6216931216931217 0.8244047619047619 0.6481481481481481 0.814484126984127 0.6759259259259259 0.8154761904761905 0.7592592592592593 0.8115079365079365 0.7738095238095238 0.7966269841269841 0.7870370370370371 0.7827380952380952 0.7857142857142857 0.7658730158730159 0.7724867724867724 0.7450396825396826 0.7341269841269841 0.7351190476190477 0.6931216931216931 0.7291666666666666 0.6825396825396826 0.7321428571428571 0.6547619047619048
1 0.654761904761905 0.5663368421912268 0.6765873015873018 0.5663368421912268 0.6954365079365081 0.5769188527732374 0.7103174603174606 0.6020511279055125 0.717261904761905 0.6390881649425496 0.7093253968253971 0.7568130326674173 0.6736111111111114 0.7779770538314384 0.6557539682539685 0.7647495406039252 0.6021825396825399 0.6787707046250893 0.6021825396825399 0.6311516570060416 0.6081349206349208 0.5914691173235019 0.6230158730158732 0.5795643554187401
1 0.7182539682539683 0.5423280423280423 0.7361111111111112 0.5436507936507936 0.7490079365079365 0.5515873015873016 0.7638888888888888 0.5873015873015873 0.7559523809523809 0.6349206349206349 0.7490079365079365 0.6507936507936508 0.7361111111111112 0.6653439153439153 0.7251984126984127 0.6613756613756614 0.7172619047619048 0.6190476190476191 0.6964285714285714 0.5701058201058201 0.7003968253968254 0.5529100529100529
1 0.8472222222222222 0.6150793650793651 0.8670634920634921 0.6203703703703703 0.8819444444444444 0.6402116402116402 0.8978174603174603 0.716931216931217 0.8968253968253969 0.7407407407407407 0.8878968253968254 0.753968253968254 0.8720238095238095 0.7513227513227513 0.8551587301587301 0.7367724867724867 0.8224206349206349 0.7037037037037037 0.8134920634920635 0.6865079365079365 0.8134920634920635 0.6666666666666666 0.8204365079365079 0.6402116402116402 0.8303571428571429 0.6243386243386243
1 0.8938492063492064 0.37962962962962965 0.9275793650793651 0.3862433862433862 0.941468253968254 0.40476190476190477 0.9494047619047619 0.42857142857142855 0.9503968253968254 0.4523809523809524 0.9474206349206349 0.4708994708994709 0.9404761904761905 0.4828042328042328 0.9196428571428571 0.48412698412698413 0.9037698412698413 0.4722222222222222 0.8849206349206349 0.44576719576719576 0.873015873015873 0.4007936507936508 0.8759920634920635 0.39021164021164023
1 0.03571428571428571 0.4060846560846561 0.057539682539682536 0.414021164021164 0.07738095238095238 0.4417989417989418 0.08234126984126984 0.4642857142857143 0.08134920634920635 0.5 0.07936507936507936 0.5079365079365079 0.07043650793650794 0.5158730158730159 0.03670634920634921 0.5198412698412699 0.0248015873015873 0.5277777777777778 0.00992063492063492 0.5185185185185185 0.005952380952380952 0.5105820105820106 0.005952380952380952 0.5 0.012896825396825396 0.49074074074074076 0.003968253968253968 0.458994708994709 0.002976190476190476 0.44047619047619047 0.018849206349206348 0.4126984126984127
1 0.3005952380952381 0.30952380952380953 0.31746031746031744 0.31613756613756616 0.32837301587301587 0.3425925925925926 0.3263888888888889 0.37037037037037035 0.30952380952380953 0.4074074074074074 0.30753968253968256 0.42857142857142855 0.25496031746031744 0.4365079365079365 0.25 0.4312169312169312 0.24702380952380953 0.4060846560846561 0.25496031746031744 0.3439153439153439 0.26686507936507936 0.32407407407407407
1 0.6140873015873016 0.06878306878306878 0.6636904761904762 0.07671957671957672 0.6815476190476191 0.08994708994708994 0.6815476190476191 0.09656084656084656 0.623015873015873 0.12433862433862433 0.6071428571428571 0.12301587301587301 0.5982142857142857 0.11507936507936507 0.5962301587301587 0.09656084656084656 0.6021825396825397 0.07671957671957672
1 0.9642857142857143 0.021164021164021163 0.9990079365079365 0.021164021164021163 1 0.04894179894179894 0.9791666666666666 0.046296296296296294 0.9464285714285714 0.051587301587301584 0.9365079365079365 0.047619047619047616 0.9107142857142857 0.07804232804232804 0.8978174603174603 0.08597883597883597 0.8373015873015873 0.09259259259259259 0.8005952380952381 0.08862433862433862 0.8035714285714286 0.07804232804232804 0.8184523809523809 0.062169312169312166 0.8670634920634921 0.03042328042328042