1 0.37896825396825395 0.3783068783068783 0.4037698412698413 0.37962962962962965 0.42857142857142855 0.39021164021164023 0.4444444444444444 0.4087301587301587 0.4513888888888889 0.42857142857142855 0.4503968253968254 0.44576719576719576 0.44047619047619047 0.47883597883597884 0.42162698412698413 0.4973544973544973 0.38492063492063494 0.5171957671957672 0.37003968253968256 0.5132275132275133 0.3611111111111111 0.4947089947089947 0.36408730158730157 0.4166666666666667
1 0.32837301587301587 0.4947089947089947 0.34424603174603174 0.49603174603174605 0.3680555555555556 0.5145502645502645 0.38392857142857145 0.5370370370370371 0.39285714285714285 0.5423280423280423 0.4097222222222222 0.5687830687830688 0.4097222222222222 0.593915343915344 0.36706349206349204 0.5952380952380952 0.3462301587301587 0.5767195767195767 0.3382936507936508 0.578042328042328 0.31845238095238093 0.5965608465608465 0.3055555555555556 0.5925925925925926 0.29662698412698413 0.5621693121693122 0.2996031746031746 0.5198412698412699 0.3115079365079365 0.5013227513227513
1 0.6011904761904762 0.5145502645502645 0.6101190476190477 0.5145502645502645 0.6319444444444444 0.533068783068783 0.628968253968254 0.5595238095238095 0.6091269841269841 0.5767195767195767 0.5922619047619048 0.5714285714285714 0.5773809523809523 0.548941798941799 0.5803571428571429 0.5291005291005291
1 0.6140873015873016 0.6283068783068783 0.6319444444444444 0.6309523809523809 0.6468253968253969 0.6507936507936508 0.6587301587301587 0.6574074074074074 0.6626984126984127 0.667989417989418 0.6597222222222222 0.6865079365079365 0.6448412698412699 0.6772486772486772 0.6200396825396826 0.6838624338624338 0.6041666666666666 0.6798941798941799 0.5972222222222222 0.6613756613756614 0.5982142857142857 0.6468253968253969 0.6071428571428571 0.6309523809523809
1 0.7648809523809523 0.06349206349206349 0.7876984126984127 0.06613756613756613 0.8045634920634921 0.08068783068783068 0.8065476190476191 0.15476190476190477 0.8005952380952381 0.1626984126984127 0.753968253968254 0.1388888888888889 0.7420634920634921 0.12301587301587301 0.7371031746031746 0.0873015873015873 0.75 0.0701058201058201
1 0.8333333333333334 0.10978835978835978 0.8492063492063492 0.11375661375661375 0.8690476190476191 0.1283068783068783 0.8670634920634921 0.15079365079365079 0.8611111111111112 0.1574074074074074 0.8551587301587301 0.17724867724867724 0.8472222222222222 0.18518518518518517 0.8353174603174603 0.1865079365079365 0.8204365079365079 0.17989417989417988 0.7936507936507936 0.14285714285714285 0.7966269841269841 0.13756613756613756 0.8095238095238095 0.1349206349206349 0.8194444444444444 0.11772486772486772
1 0.8849206349206349 0.003968253968253968 0.9007936507936508 0.005291005291005291 0.9176587301587301 0.023809523809523808 0.9176587301587301 0.0291005291005291 0.8998015873015873 0.051587301587301584 0.8849206349206349 0.047619047619047616 0.871031746031746 0.023809523809523808 0.871031746031746 0.013227513227513227
0 0.5525793650793651 0.30687830687830686 0.5803571428571429 0.31216931216931215 0.5992063492063492 0.33465608465608465 0.6061507936507936 0.35185185185185186 0.6081349206349206 0.3888888888888889 0.5932539682539683 0.42857142857142855 0.5515873015873016 0.4246031746031746 0.5406746031746031 0.41534391534391535 0.5297619047619048 0.39285714285714285 0.5317460317460317 0.32671957671957674 0.5406746031746031 0.31216931216931215
0 0.1626984126984127 0 0.1865079365079365 0.023809523809523808 0.20932539682539683 0.015873015873015872 0.2251984126984127 0.0013227513227513227
0 0.5297619047619048 0.042328042328042326 0.5565476190476191 0.042328042328042326 0.5595238095238095 0.06481481481481481 0.5416666666666666 0.08068783068783068 0.5168650793650794 0.08465608465608465 0.5089285714285714 0.07539682539682539 0.5099206349206349 0.06349206349206349
2 0.47619047619047616 0.26851851851851855 0.49702380952380953 0.2751322751322751 0.5208333333333334 0.3029100529100529 0.5317460317460317 0.35185185185185186 0.5218253968253969 0.3968253968253968 0.5089285714285714 0.4113756613756614 0.4871031746031746 0.421957671957672 0.4652777777777778 0.4193121693121693 0.44742063492063494 0.4087301587301587 0.43452380952380953 0.39021164021164023 0.42658730158730157 0.3558201058201058 0.42757936507936506 0.32936507936507936 0.43452380952380953 0.3029100529100529 0.4523809523809524 0.2804232804232804